 ! Total Interaction
  63
   1   1   1   1     1     0  -1.6315
   1   1   1   2     1     0  -0.1891
   1   2   1   2     1     0  -5.9132
   1   1   2   2     1     0   1.6379
   1   2   2   2     1     0  -3.4424
   2   2   2   2     1     0  -1.3574
   1   3   2   2     1     0   0.0268
   1   1   1   3     1     0  -0.8356
   1   2   1   3     1     0  -1.5970
   1   3   1   3     1     0  -3.9809
   1   1   3   3     1     0   0.1549
   1   2   3   3     1     0  -1.9901
   2   2   3   3     1     0  -0.5258
   1   3   3   3     1     0  -0.9053
   3   3   3   3     1     0  -3.6496
   1   2   1   2     2     0  -4.1439
   1   2   1   3     2     0  -0.4358
   1   3   1   3     2     0  -1.8206
   1   2   2   3     2     0  -0.6360
   1   3   2   3     2     0  -2.4706
   2   3   2   3     2     0  -0.3103
   1   1   1   1     3     0  -2.9183
   1   1   1   2     3     0  -1.4070
   1   2   1   2     3     0  -1.1929
   1   1   2   2     3     0   1.1602
   1   2   2   2     3     0  -2.2730
   2   2   2   2     3     0  -1.6383
   1   1   2   3     3     0   0.0952
   1   2   2   3     3     0  -1.2324
   2   2   2   3     3     0  -1.1971
   2   3   2   3     3     0  -4.1150
   1   2   1   2     4     0  -4.5446
   2   2   2   2     5     0  -4.2510
   1   1   1   1     0     1  -1.8686
   1   1   2   2     0     1  -3.0526
   2   2   2   2     0     1  -2.5186
   1   1   3   3     0     1  -0.9987
   2   2   3   3     0     1  -1.5351
   3   3   3   3     0     1  -1.6641
   1   2   1   2     1     1   0.6451
   1   2   1   3     1     1  -0.0449
   1   3   1   3     1     1   0.5075
   1   1   1   1     2     1  -0.0958
   1   1   1   2     2     1   0.4951
   1   2   1   2     2     1  -0.1520
   1   1   2   2     2     1  -1.1991
   1   2   2   2     2     1   0.2103
   2   2   2   2     2     1  -0.9846
   1   3   2   2     2     1   0.8723
   1   1   1   3     2     1   0.3438
   1   2   1   3     2     1  -0.3653
   1   3   1   3     2     1  -0.2985
   1   1   2   3     2     1  -0.3122
   1   2   2   3     2     1   0.3096
   2   2   2   3     2     1  -0.9167
   1   3   2   3     2     1   1.5871
   2   3   2   3     2     1  -0.9254
   1   2   1   2     3     1   0.7550
   1   2   2   3     3     1  -0.5436
   2   3   2   3     3     1   0.6731
   1   2   1   2     4     1  -1.4215
   1   2   2   2     4     1   1.3134
   2   2   2   2     4     1  -0.2036
