 ! Total Interaction
  63
   1   1   1   1     1     0  -1.5833
   1   1   1   2     1     0  -0.1835
   1   2   1   2     1     0  -5.7383
   1   1   2   2     1     0   1.5895
   1   2   2   2     1     0  -3.3406
   2   2   2   2     1     0  -1.3173
   1   3   2   2     1     0   0.0260
   1   1   1   3     1     0  -0.8109
   1   2   1   3     1     0  -1.5497
   1   3   1   3     1     0  -3.8632
   1   1   3   3     1     0   0.1503
   1   2   3   3     1     0  -1.9312
   2   2   3   3     1     0  -0.5102
   1   3   3   3     1     0  -0.8785
   3   3   3   3     1     0  -3.5417
   1   2   1   2     2     0  -4.0214
   1   2   1   3     2     0  -0.4229
   1   3   1   3     2     0  -1.7668
   1   2   2   3     2     0  -0.6172
   1   3   2   3     2     0  -2.3975
   2   3   2   3     2     0  -0.3011
   1   1   1   1     3     0  -2.8320
   1   1   1   2     3     0  -1.3654
   1   2   1   2     3     0  -1.1576
   1   1   2   2     3     0   1.1259
   1   2   2   2     3     0  -2.2058
   2   2   2   2     3     0  -1.5899
   1   1   2   3     3     0   0.0924
   1   2   2   3     3     0  -1.1960
   2   2   2   3     3     0  -1.1617
   2   3   2   3     3     0  -3.9933
   1   2   1   2     4     0  -4.4102
   2   2   2   2     5     0  -4.1252
   1   1   1   1     0     1  -1.8134
   1   1   2   2     0     1  -2.9623
   2   2   2   2     0     1  -2.4441
   1   1   3   3     0     1  -0.9691
   2   2   3   3     0     1  -1.4897
   3   3   3   3     0     1  -1.6149
   1   2   1   2     1     1   0.6260
   1   2   1   3     1     1  -0.0435
   1   3   1   3     1     1   0.4925
   1   1   1   1     2     1  -0.0930
   1   1   1   2     2     1   0.4805
   1   2   1   2     2     1  -0.1475
   1   1   2   2     2     1  -1.1636
   1   2   2   2     2     1   0.2040
   2   2   2   2     2     1  -0.9555
   1   3   2   2     2     1   0.8465
   1   1   1   3     2     1   0.3336
   1   2   1   3     2     1  -0.3545
   1   3   1   3     2     1  -0.2897
   1   1   2   3     2     1  -0.3030
   1   2   2   3     2     1   0.3005
   2   2   2   3     2     1  -0.8896
   1   3   2   3     2     1   1.5402
   2   3   2   3     2     1  -0.8980
   1   2   1   2     3     1   0.7326
   1   2   2   3     3     1  -0.5275
   2   3   2   3     3     1   0.6532
   1   2   1   2     4     1  -1.3794
   1   2   2   2     4     1   1.2746
   2   2   2   2     4     1  -0.1976
