      1      1      1      1           6           0  0.99870272725549258     
      1      1      1      1           4           0  -3.6051454298869858     
      1      1      1      1           2           0   2.8166127856535175     
      1      1      1      1           0           0  -6.7129692500000013     
      1      1      1      2           6           0  -1.1595289046634727     
      1      1      1      2           4           0   1.8624011517416275     
      1      1      1      2           2           0  -1.5295241075005608     
      1      1      1      3           4           0   1.1238502877315424     
      1      1      1      3           2           0   3.9769524786316290E-002
      1      1      2      1           6           0  -1.1595289046634725     
      1      1      2      1           4           0   1.8624011517416275     
      1      1      2      1           2           0  -1.5295241075005608     
      1      1      2      2           8           0  -4.9593332543999784     
      1      1      2      2           6           0   1.7005697593571316     
      1      1      2      2           4           0  -2.0991936269675868     
      1      1      2      2           2           0  0.32357422770246180     
      1      1      2      3           4           0 -0.50921875302319697     
      1      1      2      3           2           0  -7.6165976328284868E-003
      1      1      3      1           4           0   1.1238502877315424     
      1      1      3      1           2           0   3.9769524786316290E-002
      1      1      3      2           4           0 -0.50921875302319697     
      1      1      3      2           2           0  -7.6165976328284868E-003
      1      1      3      3           4           0 -0.92556797243601951     
      1      1      3      3           2           0 -0.38767954860641807     
      1      2      1      1           6           0   1.1595289046634725     
      1      2      1      1           4           0  -1.8624011517416279     
      1      2      1      1           2           0   1.5295241075005614     
      1      2      1      2           6           0   2.0840128763959229     
      1      2      1      2           4           0  -4.8896976421949132     
      1      2      1      2           2           0   1.4316522341773952     
      1      2      1      2           0           0  -9.3144352072592351     
      1      2      1      3           6           0 -0.98341488546991596     
      1      2      1      3           4           0  -1.3008713907470608     
      1      2      2      1           8           0   7.2840794464285716     
      1      2      2      1           6           0  -2.4044367593164284     
      1      2      2      1           4           0   2.4425128204231727     
      1      2      2      1           2           0  -3.3542995532300308     
      1      2      2      2           8           0   4.4409409749965389     
      1      2      2      2           6           0  -1.3856551448182302     
      1      2      2      2           4           0   4.1960980800750525     
      1      2      2      2           2           0   1.3906595534499260     
      1      2      2      3           6           0 -0.42616055356602034     
      1      2      2      3           4           0   2.2676417029339211     
      1      2      3      1           4           0  0.92011512389260297     
      1      2      3      1           2           0  0.92775623278914165     
      1      2      3      2           4           0   1.3482561360302054     
      1      2      3      2           2           0 -0.12966954543627363     
      1      2      3      3           4           0   2.3652211719070801     
      1      3      1      1           4           0  -1.1238502877315424     
      1      3      1      1           2           0  -3.9769524786316068E-002
      1      3      1      2           6           0 -0.98341488546991551     
      1      3      1      2           4           0  -1.3008713907470613     
      1      3      1      3           2           0 -0.89976917738202045     
      1      3      1      3           0           0  -3.6052403156454127     
      1      3      2      1           4           0  0.92011512389260286     
      1      3      2      1           2           0  0.92775623278914143     
      1      3      2      2           6           0 -0.74680436628753488     
      1      3      2      2           4           0   1.1112336738858639     
      1      3      2      3           2           0  0.95851513530303745     
      1      3      3      1           4           0   4.0651763347390686     
      1      3      3      1           2           0 -0.65597029257747008     
      1      3      3      2           4           0   4.4025092703161901     
      1      3      3      3           2           0  -1.0759616396700675     
      2      1      1      1           6           0   1.1595289046634725     
      2      1      1      1           4           0  -1.8624011517416275     
      2      1      1      1           2           0   1.5295241075005614     
      2      1      1      2           8           0   7.2840794464285716     
      2      1      1      2           6           0  -2.4044367593164280     
      2      1      1      2           4           0   2.4425128204231727     
      2      1      1      2           2           0  -3.3542995532300304     
      2      1      1      3           4           0  0.92011512389260308     
      2      1      1      3           2           0  0.92775623278914177     
      2      1      2      1           6           0   2.0840128763959229     
      2      1      2      1           4           0  -4.8896976421949132     
      2      1      2      1           2           0   1.4316522341773963     
      2      1      2      1           0           0  -9.3144352072592334     
      2      1      2      2           8           0   4.4409409749965389     
      2      1      2      2           6           0  -1.3856551448182302     
      2      1      2      2           4           0   4.1960980800750525     
      2      1      2      2           2           0   1.3906595534499260     
      2      1      2      3           4           0   1.3482561360302057     
      2      1      2      3           2           0 -0.12966954543627363     
      2      1      3      1           6           0 -0.98341488546991596     
      2      1      3      1           4           0  -1.3008713907470608     
      2      1      3      2           6           0 -0.42616055356602034     
      2      1      3      2           4           0   2.2676417029339211     
      2      1      3      3           4           0   2.3652211719070801     
      2      2      1      1           8           0  -4.9593332543999775     
      2      2      1      1           6           0   1.7005697593571323     
      2      2      1      1           4           0  -2.0991936269675864     
      2      2      1      1           2           0  0.32357422770246136     
      2      2      1      2           8           0  -4.4409409749965381     
      2      2      1      2           6           0   1.3856551448182302     
      2      2      1      2           4           0  -4.1960980800750525     
      2      2      1      2           2           0  -1.3906595534499251     
      2      2      1      3           6           0  0.74680436628753455     
      2      2      1      3           4           0  -1.1112336738858635     
      2      2      2      1           8           0  -4.4409409749965381     
      2      2      2      1           6           0   1.3856551448182304     
      2      2      2      1           4           0  -4.1960980800750534     
      2      2      2      1           2           0  -1.3906595534499244     
      2      2      2      2          10           0   2.9365803891301098E-002
      2      2      2      2           8           0  -2.6547576309523810     
      2      2      2      2           6           0   3.1208882431919296     
      2      2      2      2           4           0  -6.0468919444902980     
      2      2      2      2           2           0   5.7981312914314858     
      2      2      2      2           0           0  -11.576315166666667     
      2      2      2      3           6           0 -0.13144324359049819     
      2      2      2      3           4           0  -2.5854800188870946     
      2      2      3      1           6           0  0.74680436628753455     
      2      2      3      1           4           0  -1.1112336738858635     
      2      2      3      2           6           0 -0.13144324359049819     
      2      2      3      2           4           0  -2.5854800188870946     
      2      2      3      3           6           0 -0.56729457020676499     
      2      2      3      3           4           0  -1.6365873860255440     
      2      3      1      1           4           0 -0.50921875302319719     
      2      3      1      1           2           0  -7.6165976328284868E-003
      2      3      1      2           6           0  0.42616055356602023     
      2      3      1      2           4           0  -2.2676417029339211     
      2      3      1      3           2           0 -0.95851513530303745     
      2      3      2      1           4           0  -1.3482561360302059     
      2      3      2      1           2           0  0.12966954543627340     
      2      3      2      2           6           0 -0.13144324359049886     
      2      3      2      2           4           0  -2.5854800188870950     
      2      3      2      3           2           0   1.8281986200453517     
      2      3      2      3           0           0  -4.2401303806487523     
      2      3      3      1           4           0  -4.4025092703161910     
      2      3      3      2           6           0  0.36648572346097663     
      2      3      3      2           4           0  -6.1719570046783003     
      3      1      1      1           4           0  -1.1238502877315424     
      3      1      1      1           2           0  -3.9769524786316068E-002
      3      1      1      2           4           0  0.92011512389260286     
      3      1      1      2           2           0  0.92775623278914143     
      3      1      1      3           4           0   4.0651763347390686     
      3      1      1      3           2           0 -0.65597029257747008     
      3      1      2      1           6           0 -0.98341488546991551     
      3      1      2      1           4           0  -1.3008713907470613     
      3      1      2      2           6           0 -0.74680436628753488     
      3      1      2      2           4           0   1.1112336738858639     
      3      1      2      3           4           0   4.4025092703161901     
      3      1      3      1           2           0 -0.89976917738202045     
      3      1      3      1           0           0  -3.6052403156454127     
      3      1      3      2           2           0  0.95851513530303745     
      3      1      3      3           2           0  -1.0759616396700675     
      3      2      1      1           4           0 -0.50921875302319719     
      3      2      1      1           2           0  -7.6165976328284868E-003
      3      2      1      2           4           0  -1.3482561360302059     
      3      2      1      2           2           0  0.12966954543627340     
      3      2      1      3           4           0  -4.4025092703161910     
      3      2      2      1           6           0  0.42616055356602023     
      3      2      2      1           4           0  -2.2676417029339215     
      3      2      2      2           6           0 -0.13144324359049886     
      3      2      2      2           4           0  -2.5854800188870950     
      3      2      2      3           6           0  0.36648572346097663     
      3      2      2      3           4           0  -6.1719570046783003     
      3      2      3      1           2           0 -0.95851513530303745     
      3      2      3      2           2           0   1.8281986200453519     
      3      2      3      2           0           0  -4.2401303806487514     
      3      3      1      1           4           0 -0.92556797243601929     
      3      3      1      1           2           0 -0.38767954860641818     
      3      3      1      2           4           0  -2.3652211719070797     
      3      3      1      3           2           0   1.0759616396700675     
      3      3      2      1           4           0  -2.3652211719070797     
      3      3      2      2           6           0 -0.56729457020676499     
      3      3      2      2           4           0  -1.6365873860255435     
      3      3      3      1           2           0   1.0759616396700675     
      3      3      3      3           2           0   1.6686594800626635     
      3      3      3      3           0           0  -6.1199370000000011     
      1      1      1      1           6           0  0.99870272725549258     
      1      1      1      1           4           0  -3.6051454298869858     
      1      1      1      1           2           0   2.8166127856535175     
      1      1      1      1           0           0  -6.7129692500000013     
      1      1      1      2           6           0  -1.1595289046634727     
      1      1      1      2           4           0   1.8624011517416275     
      1      1      1      2           2           0  -1.5295241075005608     
      1      1      1      3           4           0   1.1238502877315424     
      1      1      1      3           2           0   3.9769524786316290E-002
      1      1      2      1           6           0  -1.1595289046634725     
      1      1      2      1           4           0   1.8624011517416275     
      1      1      2      1           2           0  -1.5295241075005608     
      1      1      2      2           8           0  -4.9593332543999784     
      1      1      2      2           6           0   1.7005697593571316     
      1      1      2      2           4           0  -2.0991936269675868     
      1      1      2      2           2           0  0.32357422770246180     
      1      1      2      3           4           0 -0.50921875302319697     
      1      1      2      3           2           0  -7.6165976328284868E-003
      1      1      3      1           4           0   1.1238502877315424     
      1      1      3      1           2           0   3.9769524786316290E-002
      1      1      3      2           4           0 -0.50921875302319697     
      1      1      3      2           2           0  -7.6165976328284868E-003
      1      1      3      3           4           0 -0.92556797243601951     
      1      1      3      3           2           0 -0.38767954860641807     
      1      2      1      1           6           0   1.1595289046634725     
      1      2      1      1           4           0  -1.8624011517416279     
      1      2      1      1           2           0   1.5295241075005614     
      1      2      1      2           6           0   2.0840128763959229     
      1      2      1      2           4           0  -4.8896976421949132     
      1      2      1      2           2           0   1.4316522341773952     
      1      2      1      2           0           0  -9.3144352072592351     
      1      2      1      3           6           0 -0.98341488546991596     
      1      2      1      3           4           0  -1.3008713907470608     
      1      2      2      1           8           0   7.2840794464285716     
      1      2      2      1           6           0  -2.4044367593164284     
      1      2      2      1           4           0   2.4425128204231727     
      1      2      2      1           2           0  -3.3542995532300308     
      1      2      2      2           8           0   4.4409409749965389     
      1      2      2      2           6           0  -1.3856551448182302     
      1      2      2      2           4           0   4.1960980800750525     
      1      2      2      2           2           0   1.3906595534499260     
      1      2      2      3           6           0 -0.42616055356602034     
      1      2      2      3           4           0   2.2676417029339211     
      1      2      3      1           4           0  0.92011512389260297     
      1      2      3      1           2           0  0.92775623278914165     
      1      2      3      2           4           0   1.3482561360302054     
      1      2      3      2           2           0 -0.12966954543627363     
      1      2      3      3           4           0   2.3652211719070801     
      1      3      1      1           4           0  -1.1238502877315424     
      1      3      1      1           2           0  -3.9769524786316068E-002
      1      3      1      2           6           0 -0.98341488546991551     
      1      3      1      2           4           0  -1.3008713907470613     
      1      3      1      3           2           0 -0.89976917738202045     
      1      3      1      3           0           0  -3.6052403156454127     
      1      3      2      1           4           0  0.92011512389260286     
      1      3      2      1           2           0  0.92775623278914143     
      1      3      2      2           6           0 -0.74680436628753488     
      1      3      2      2           4           0   1.1112336738858639     
      1      3      2      3           2           0  0.95851513530303745     
      1      3      3      1           4           0   4.0651763347390686     
      1      3      3      1           2           0 -0.65597029257747008     
      1      3      3      2           4           0   4.4025092703161901     
      1      3      3      3           2           0  -1.0759616396700675     
      2      1      1      1           6           0   1.1595289046634725     
      2      1      1      1           4           0  -1.8624011517416275     
      2      1      1      1           2           0   1.5295241075005614     
      2      1      1      2           8           0   7.2840794464285716     
      2      1      1      2           6           0  -2.4044367593164280     
      2      1      1      2           4           0   2.4425128204231727     
      2      1      1      2           2           0  -3.3542995532300304     
      2      1      1      3           4           0  0.92011512389260308     
      2      1      1      3           2           0  0.92775623278914177     
      2      1      2      1           6           0   2.0840128763959229     
      2      1      2      1           4           0  -4.8896976421949132     
      2      1      2      1           2           0   1.4316522341773963     
      2      1      2      1           0           0  -9.3144352072592334     
      2      1      2      2           8           0   4.4409409749965389     
      2      1      2      2           6           0  -1.3856551448182302     
      2      1      2      2           4           0   4.1960980800750525     
      2      1      2      2           2           0   1.3906595534499260     
      2      1      2      3           4           0   1.3482561360302057     
      2      1      2      3           2           0 -0.12966954543627363     
      2      1      3      1           6           0 -0.98341488546991596     
      2      1      3      1           4           0  -1.3008713907470608     
      2      1      3      2           6           0 -0.42616055356602034     
      2      1      3      2           4           0   2.2676417029339211     
      2      1      3      3           4           0   2.3652211719070801     
      2      2      1      1           8           0  -4.9593332543999775     
      2      2      1      1           6           0   1.7005697593571323     
      2      2      1      1           4           0  -2.0991936269675864     
      2      2      1      1           2           0  0.32357422770246136     
      2      2      1      2           8           0  -4.4409409749965381     
      2      2      1      2           6           0   1.3856551448182302     
      2      2      1      2           4           0  -4.1960980800750525     
      2      2      1      2           2           0  -1.3906595534499251     
      2      2      1      3           6           0  0.74680436628753455     
      2      2      1      3           4           0  -1.1112336738858635     
      2      2      2      1           8           0  -4.4409409749965381     
      2      2      2      1           6           0   1.3856551448182304     
      2      2      2      1           4           0  -4.1960980800750534     
      2      2      2      1           2           0  -1.3906595534499244     
      2      2      2      2          10           0   2.9365803891301098E-002
      2      2      2      2           8           0  -2.6547576309523810     
      2      2      2      2           6           0   3.1208882431919296     
      2      2      2      2           4           0  -6.0468919444902980     
      2      2      2      2           2           0   5.7981312914314858     
      2      2      2      2           0           0  -11.576315166666667     
      2      2      2      3           6           0 -0.13144324359049819     
      2      2      2      3           4           0  -2.5854800188870946     
      2      2      3      1           6           0  0.74680436628753455     
      2      2      3      1           4           0  -1.1112336738858635     
      2      2      3      2           6           0 -0.13144324359049819     
      2      2      3      2           4           0  -2.5854800188870946     
      2      2      3      3           6           0 -0.56729457020676499     
      2      2      3      3           4           0  -1.6365873860255440     
      2      3      1      1           4           0 -0.50921875302319719     
      2      3      1      1           2           0  -7.6165976328284868E-003
      2      3      1      2           6           0  0.42616055356602023     
      2      3      1      2           4           0  -2.2676417029339211     
      2      3      1      3           2           0 -0.95851513530303745     
      2      3      2      1           4           0  -1.3482561360302059     
      2      3      2      1           2           0  0.12966954543627340     
      2      3      2      2           6           0 -0.13144324359049886     
      2      3      2      2           4           0  -2.5854800188870950     
      2      3      2      3           2           0   1.8281986200453517     
      2      3      2      3           0           0  -4.2401303806487523     
      2      3      3      1           4           0  -4.4025092703161910     
      2      3      3      2           6           0  0.36648572346097663     
      2      3      3      2           4           0  -6.1719570046783003     
      3      1      1      1           4           0  -1.1238502877315424     
      3      1      1      1           2           0  -3.9769524786316068E-002
      3      1      1      2           4           0  0.92011512389260286     
      3      1      1      2           2           0  0.92775623278914143     
      3      1      1      3           4           0   4.0651763347390686     
      3      1      1      3           2           0 -0.65597029257747008     
      3      1      2      1           6           0 -0.98341488546991551     
      3      1      2      1           4           0  -1.3008713907470613     
      3      1      2      2           6           0 -0.74680436628753488     
      3      1      2      2           4           0   1.1112336738858639     
      3      1      2      3           4           0   4.4025092703161901     
      3      1      3      1           2           0 -0.89976917738202045     
      3      1      3      1           0           0  -3.6052403156454127     
      3      1      3      2           2           0  0.95851513530303745     
      3      1      3      3           2           0  -1.0759616396700675     
      3      2      1      1           4           0 -0.50921875302319719     
      3      2      1      1           2           0  -7.6165976328284868E-003
      3      2      1      2           4           0  -1.3482561360302059     
      3      2      1      2           2           0  0.12966954543627340     
      3      2      1      3           4           0  -4.4025092703161910     
      3      2      2      1           6           0  0.42616055356602023     
      3      2      2      1           4           0  -2.2676417029339215     
      3      2      2      2           6           0 -0.13144324359049886     
      3      2      2      2           4           0  -2.5854800188870950     
      3      2      2      3           6           0  0.36648572346097663     
      3      2      2      3           4           0  -6.1719570046783003     
      3      2      3      1           2           0 -0.95851513530303745     
      3      2      3      2           2           0   1.8281986200453519     
      3      2      3      2           0           0  -4.2401303806487514     
      3      3      1      1           4           0 -0.92556797243601929     
      3      3      1      1           2           0 -0.38767954860641818     
      3      3      1      2           4           0  -2.3652211719070797     
      3      3      1      3           2           0   1.0759616396700675     
      3      3      2      1           4           0  -2.3652211719070797     
      3      3      2      2           6           0 -0.56729457020676499     
      3      3      2      2           4           0  -1.6365873860255435     
      3      3      3      1           2           0   1.0759616396700675     
      3      3      3      3           2           0   1.6686594800626635     
      3      3      3      3           0           0  -6.1199370000000011     
         336          10
   1   1   4   4   0   0   0   0 -6.7130   1   1
   1   1   4   4   2   0   0   0  2.8166   1   1
   1   1   4   4   4   0   0   0 -3.6051   1   1
   1   1   4   4   6   0   0   0  0.9987   1   1
   1   1   4   5   2   0   0   0 -1.5295   1   1
   1   1   4   5   4   0   0   0  1.8624   1   1
   1   1   4   5   6   0   0   0 -1.1595   1   1
   1   1   4   6   2   0   0   0  0.0398   1   1
   1   1   4   6   4   0   0   0  1.1239   1   1
   1   1   5   4   2   0   0   0  1.5295   1   1
   1   1   5   4   4   0   0   0 -1.8624   1   1
   1   1   5   4   6   0   0   0  1.1595   1   1
   1   1   5   5   0   0   0   0 -9.3144   1   1
   1   1   5   5   2   0   0   0  1.4317   1   1
   1   1   5   5   4   0   0   0 -4.8897   1   1
   1   1   5   5   6   0   0   0  2.0840   1   1
   1   1   5   6   4   0   0   0 -1.3009   1   1
   1   1   5   6   6   0   0   0 -0.9834   1   1
   1   1   6   4   2   0   0   0 -0.0398   1   1
   1   1   6   4   4   0   0   0 -1.1239   1   1
   1   1   6   5   4   0   0   0 -1.3009   1   1
   1   1   6   5   6   0   0   0 -0.9834   1   1
   1   1   6   6   0   0   0   0 -3.6052   1   1
   1   1   6   6   2   0   0   0 -0.8998   1   1
   1   2   4   4   2   0   0   0 -1.5295   1   1
   1   2   4   4   4   0   0   0  1.8624   1   1
   1   2   4   4   6   0   0   0 -1.1595   1   1
   1   2   4   5   2   0   0   0  0.3236   1   1
   1   2   4   5   4   0   0   0 -2.0992   1   1
   1   2   4   5   6   0   0   0  1.7006   1   1
   1   2   4   5   8   0   0   0 -4.9593   1   1
   1   2   4   6   2   0   0   0 -0.0076   1   1
   1   2   4   6   4   0   0   0 -0.5092   1   1
   1   2   5   4   2   0   0   0 -3.3543   1   1
   1   2   5   4   4   0   0   0  2.4425   1   1
   1   2   5   4   6   0   0   0 -2.4044   1   1
   1   2   5   4   8   0   0   0  7.2841   1   1
   1   2   5   5   2   0   0   0  1.3907   1   1
   1   2   5   5   4   0   0   0  4.1961   1   1
   1   2   5   5   6   0   0   0 -1.3857   1   1
   1   2   5   5   8   0   0   0  4.4409   1   1
   1   2   5   6   4   0   0   0  2.2676   1   1
   1   2   5   6   6   0   0   0 -0.4262   1   1
   1   2   6   4   2   0   0   0  0.9278   1   1
   1   2   6   4   4   0   0   0  0.9201   1   1
   1   2   6   5   4   0   0   0  1.1112   1   1
   1   2   6   5   6   0   0   0 -0.7468   1   1
   1   2   6   6   2   0   0   0  0.9585   1   1
   1   3   4   4   2   0   0   0  0.0398   1   1
   1   3   4   4   4   0   0   0  1.1239   1   1
   1   3   4   5   2   0   0   0 -0.0076   1   1
   1   3   4   5   4   0   0   0 -0.5092   1   1
   1   3   4   6   2   0   0   0 -0.3877   1   1
   1   3   4   6   4   0   0   0 -0.9256   1   1
   1   3   5   4   2   0   0   0  0.9278   1   1
   1   3   5   4   4   0   0   0  0.9201   1   1
   1   3   5   5   2   0   0   0 -0.1297   1   1
   1   3   5   5   4   0   0   0  1.3483   1   1
   1   3   5   6   4   0   0   0  2.3652   1   1
   1   3   6   4   2   0   0   0 -0.6560   1   1
   1   3   6   4   4   0   0   0  4.0652   1   1
   1   3   6   5   4   0   0   0  4.4025   1   1
   1   3   6   6   2   0   0   0 -1.0760   1   1
   2   1   4   4   2   0   0   0  1.5295   1   1
   2   1   4   4   4   0   0   0 -1.8624   1   1
   2   1   4   4   6   0   0   0  1.1595   1   1
   2   1   4   5   2   0   0   0 -3.3543   1   1
   2   1   4   5   4   0   0   0  2.4425   1   1
   2   1   4   5   6   0   0   0 -2.4044   1   1
   2   1   4   5   8   0   0   0  7.2841   1   1
   2   1   4   6   2   0   0   0  0.9278   1   1
   2   1   4   6   4   0   0   0  0.9201   1   1
   2   1   5   4   2   0   0   0  0.3236   1   1
   2   1   5   4   4   0   0   0 -2.0992   1   1
   2   1   5   4   6   0   0   0  1.7006   1   1
   2   1   5   4   8   0   0   0 -4.9593   1   1
   2   1   5   5   2   0   0   0 -1.3907   1   1
   2   1   5   5   4   0   0   0 -4.1961   1   1
   2   1   5   5   6   0   0   0  1.3857   1   1
   2   1   5   5   8   0   0   0 -4.4409   1   1
   2   1   5   6   4   0   0   0 -1.1112   1   1
   2   1   5   6   6   0   0   0  0.7468   1   1
   2   1   6   4   2   0   0   0 -0.0076   1   1
   2   1   6   4   4   0   0   0 -0.5092   1   1
   2   1   6   5   4   0   0   0 -2.2676   1   1
   2   1   6   5   6   0   0   0  0.4262   1   1
   2   1   6   6   2   0   0   0 -0.9585   1   1
   2   2   4   4   0   0   0   0 -9.3144   1   1
   2   2   4   4   2   0   0   0  1.4317   1   1
   2   2   4   4   4   0   0   0 -4.8897   1   1
   2   2   4   4   6   0   0   0  2.0840   1   1
   2   2   4   5   2   0   0   0  1.3907   1   1
   2   2   4   5   4   0   0   0  4.1961   1   1
   2   2   4   5   6   0   0   0 -1.3857   1   1
   2   2   4   5   8   0   0   0  4.4409   1   1
   2   2   4   6   2   0   0   0 -0.1297   1   1
   2   2   4   6   4   0   0   0  1.3483   1   1
   2   2   5   4   2   0   0   0 -1.3907   1   1
   2   2   5   4   4   0   0   0 -4.1961   1   1
   2   2   5   4   6   0   0   0  1.3857   1   1
   2   2   5   4   8   0   0   0 -4.4409   1   1
   2   2   5   5   0   0   0   0-11.5763   1   1
   2   2   5   5   2   0   0   0  5.7981   1   1
   2   2   5   5   4   0   0   0 -6.0469   1   1
   2   2   5   5   6   0   0   0  3.1209   1   1
   2   2   5   5   8   0   0   0 -2.6548   1   1
   2   2   5   5  10   0   0   0  0.0294   1   1
   2   2   5   6   4   0   0   0 -2.5855   1   1
   2   2   5   6   6   0   0   0 -0.1314   1   1
   2   2   6   4   2   0   0   0  0.1297   1   1
   2   2   6   4   4   0   0   0 -1.3483   1   1
   2   2   6   5   4   0   0   0 -2.5855   1   1
   2   2   6   5   6   0   0   0 -0.1314   1   1
   2   2   6   6   0   0   0   0 -4.2401   1   1
   2   2   6   6   2   0   0   0  1.8282   1   1
   2   3   4   4   4   0   0   0 -1.3009   1   1
   2   3   4   4   6   0   0   0 -0.9834   1   1
   2   3   4   5   4   0   0   0  2.2676   1   1
   2   3   4   5   6   0   0   0 -0.4262   1   1
   2   3   4   6   4   0   0   0  2.3652   1   1
   2   3   5   4   4   0   0   0 -1.1112   1   1
   2   3   5   4   6   0   0   0  0.7468   1   1
   2   3   5   5   4   0   0   0 -2.5855   1   1
   2   3   5   5   6   0   0   0 -0.1314   1   1
   2   3   5   6   4   0   0   0 -1.6366   1   1
   2   3   5   6   6   0   0   0 -0.5673   1   1
   2   3   6   4   4   0   0   0 -4.4025   1   1
   2   3   6   5   4   0   0   0 -6.1720   1   1
   2   3   6   5   6   0   0   0  0.3665   1   1
   3   1   4   4   2   0   0   0 -0.0398   1   1
   3   1   4   4   4   0   0   0 -1.1239   1   1
   3   1   4   5   2   0   0   0  0.9278   1   1
   3   1   4   5   4   0   0   0  0.9201   1   1
   3   1   4   6   2   0   0   0 -0.6560   1   1
   3   1   4   6   4   0   0   0  4.0652   1   1
   3   1   5   4   2   0   0   0 -0.0076   1   1
   3   1   5   4   4   0   0   0 -0.5092   1   1
   3   1   5   5   2   0   0   0  0.1297   1   1
   3   1   5   5   4   0   0   0 -1.3483   1   1
   3   1   5   6   4   0   0   0 -4.4025   1   1
   3   1   6   4   2   0   0   0 -0.3877   1   1
   3   1   6   4   4   0   0   0 -0.9256   1   1
   3   1   6   5   4   0   0   0 -2.3652   1   1
   3   1   6   6   2   0   0   0  1.0760   1   1
   3   2   4   4   4   0   0   0 -1.3009   1   1
   3   2   4   4   6   0   0   0 -0.9834   1   1
   3   2   4   5   4   0   0   0  1.1112   1   1
   3   2   4   5   6   0   0   0 -0.7468   1   1
   3   2   4   6   4   0   0   0  4.4025   1   1
   3   2   5   4   4   0   0   0 -2.2676   1   1
   3   2   5   4   6   0   0   0  0.4262   1   1
   3   2   5   5   4   0   0   0 -2.5855   1   1
   3   2   5   5   6   0   0   0 -0.1314   1   1
   3   2   5   6   4   0   0   0 -6.1720   1   1
   3   2   5   6   6   0   0   0  0.3665   1   1
   3   2   6   4   4   0   0   0 -2.3652   1   1
   3   2   6   5   4   0   0   0 -1.6366   1   1
   3   2   6   5   6   0   0   0 -0.5673   1   1
   3   3   4   4   0   0   0   0 -3.6052   1   1
   3   3   4   4   2   0   0   0 -0.8998   1   1
   3   3   4   5   2   0   0   0  0.9585   1   1
   3   3   4   6   2   0   0   0 -1.0760   1   1
   3   3   5   4   2   0   0   0 -0.9585   1   1
   3   3   5   5   0   0   0   0 -4.2401   1   1
   3   3   5   5   2   0   0   0  1.8282   1   1
   3   3   6   4   2   0   0   0  1.0760   1   1
   3   3   6   6   0   0   0   0 -6.1199   1   1
   3   3   6   6   2   0   0   0  1.6687   1   1
   4   4   1   1   0   0   0   0 -6.7130   1   1
   4   4   1   1   2   0   0   0  2.8166   1   1
   4   4   1   1   4   0   0   0 -3.6051   1   1
   4   4   1   1   6   0   0   0  0.9987   1   1
   4   4   1   2   2   0   0   0 -1.5295   1   1
   4   4   1   2   4   0   0   0  1.8624   1   1
   4   4   1   2   6   0   0   0 -1.1595   1   1
   4   4   1   3   2   0   0   0  0.0398   1   1
   4   4   1   3   4   0   0   0  1.1239   1   1
   4   4   2   1   2   0   0   0  1.5295   1   1
   4   4   2   1   4   0   0   0 -1.8624   1   1
   4   4   2   1   6   0   0   0  1.1595   1   1
   4   4   2   2   0   0   0   0 -9.3144   1   1
   4   4   2   2   2   0   0   0  1.4317   1   1
   4   4   2   2   4   0   0   0 -4.8897   1   1
   4   4   2   2   6   0   0   0  2.0840   1   1
   4   4   2   3   4   0   0   0 -1.3009   1   1
   4   4   2   3   6   0   0   0 -0.9834   1   1
   4   4   3   1   2   0   0   0 -0.0398   1   1
   4   4   3   1   4   0   0   0 -1.1239   1   1
   4   4   3   2   4   0   0   0 -1.3009   1   1
   4   4   3   2   6   0   0   0 -0.9834   1   1
   4   4   3   3   0   0   0   0 -3.6052   1   1
   4   4   3   3   2   0   0   0 -0.8998   1   1
   4   5   1   1   2   0   0   0 -1.5295   1   1
   4   5   1   1   4   0   0   0  1.8624   1   1
   4   5   1   1   6   0   0   0 -1.1595   1   1
   4   5   1   2   2   0   0   0  0.3236   1   1
   4   5   1   2   4   0   0   0 -2.0992   1   1
   4   5   1   2   6   0   0   0  1.7006   1   1
   4   5   1   2   8   0   0   0 -4.9593   1   1
   4   5   1   3   2   0   0   0 -0.0076   1   1
   4   5   1   3   4   0   0   0 -0.5092   1   1
   4   5   2   1   2   0   0   0 -3.3543   1   1
   4   5   2   1   4   0   0   0  2.4425   1   1
   4   5   2   1   6   0   0   0 -2.4044   1   1
   4   5   2   1   8   0   0   0  7.2841   1   1
   4   5   2   2   2   0   0   0  1.3907   1   1
   4   5   2   2   4   0   0   0  4.1961   1   1
   4   5   2   2   6   0   0   0 -1.3857   1   1
   4   5   2   2   8   0   0   0  4.4409   1   1
   4   5   2   3   4   0   0   0  2.2676   1   1
   4   5   2   3   6   0   0   0 -0.4262   1   1
   4   5   3   1   2   0   0   0  0.9278   1   1
   4   5   3   1   4   0   0   0  0.9201   1   1
   4   5   3   2   4   0   0   0  1.1112   1   1
   4   5   3   2   6   0   0   0 -0.7468   1   1
   4   5   3   3   2   0   0   0  0.9585   1   1
   4   6   1   1   2   0   0   0  0.0398   1   1
   4   6   1   1   4   0   0   0  1.1239   1   1
   4   6   1   2   2   0   0   0 -0.0076   1   1
   4   6   1   2   4   0   0   0 -0.5092   1   1
   4   6   1   3   2   0   0   0 -0.3877   1   1
   4   6   1   3   4   0   0   0 -0.9256   1   1
   4   6   2   1   2   0   0   0  0.9278   1   1
   4   6   2   1   4   0   0   0  0.9201   1   1
   4   6   2   2   2   0   0   0 -0.1297   1   1
   4   6   2   2   4   0   0   0  1.3483   1   1
   4   6   2   3   4   0   0   0  2.3652   1   1
   4   6   3   1   2   0   0   0 -0.6560   1   1
   4   6   3   1   4   0   0   0  4.0652   1   1
   4   6   3   2   4   0   0   0  4.4025   1   1
   4   6   3   3   2   0   0   0 -1.0760   1   1
   5   4   1   1   2   0   0   0  1.5295   1   1
   5   4   1   1   4   0   0   0 -1.8624   1   1
   5   4   1   1   6   0   0   0  1.1595   1   1
   5   4   1   2   2   0   0   0 -3.3543   1   1
   5   4   1   2   4   0   0   0  2.4425   1   1
   5   4   1   2   6   0   0   0 -2.4044   1   1
   5   4   1   2   8   0   0   0  7.2841   1   1
   5   4   1   3   2   0   0   0  0.9278   1   1
   5   4   1   3   4   0   0   0  0.9201   1   1
   5   4   2   1   2   0   0   0  0.3236   1   1
   5   4   2   1   4   0   0   0 -2.0992   1   1
   5   4   2   1   6   0   0   0  1.7006   1   1
   5   4   2   1   8   0   0   0 -4.9593   1   1
   5   4   2   2   2   0   0   0 -1.3907   1   1
   5   4   2   2   4   0   0   0 -4.1961   1   1
   5   4   2   2   6   0   0   0  1.3857   1   1
   5   4   2   2   8   0   0   0 -4.4409   1   1
   5   4   2   3   4   0   0   0 -1.1112   1   1
   5   4   2   3   6   0   0   0  0.7468   1   1
   5   4   3   1   2   0   0   0 -0.0076   1   1
   5   4   3   1   4   0   0   0 -0.5092   1   1
   5   4   3   2   4   0   0   0 -2.2676   1   1
   5   4   3   2   6   0   0   0  0.4262   1   1
   5   4   3   3   2   0   0   0 -0.9585   1   1
   5   5   1   1   0   0   0   0 -9.3144   1   1
   5   5   1   1   2   0   0   0  1.4317   1   1
   5   5   1   1   4   0   0   0 -4.8897   1   1
   5   5   1   1   6   0   0   0  2.0840   1   1
   5   5   1   2   2   0   0   0  1.3907   1   1
   5   5   1   2   4   0   0   0  4.1961   1   1
   5   5   1   2   6   0   0   0 -1.3857   1   1
   5   5   1   2   8   0   0   0  4.4409   1   1
   5   5   1   3   2   0   0   0 -0.1297   1   1
   5   5   1   3   4   0   0   0  1.3483   1   1
   5   5   2   1   2   0   0   0 -1.3907   1   1
   5   5   2   1   4   0   0   0 -4.1961   1   1
   5   5   2   1   6   0   0   0  1.3857   1   1
   5   5   2   1   8   0   0   0 -4.4409   1   1
   5   5   2   2   0   0   0   0-11.5763   1   1
   5   5   2   2   2   0   0   0  5.7981   1   1
   5   5   2   2   4   0   0   0 -6.0469   1   1
   5   5   2   2   6   0   0   0  3.1209   1   1
   5   5   2   2   8   0   0   0 -2.6548   1   1
   5   5   2   2  10   0   0   0  0.0294   1   1
   5   5   2   3   4   0   0   0 -2.5855   1   1
   5   5   2   3   6   0   0   0 -0.1314   1   1
   5   5   3   1   2   0   0   0  0.1297   1   1
   5   5   3   1   4   0   0   0 -1.3483   1   1
   5   5   3   2   4   0   0   0 -2.5855   1   1
   5   5   3   2   6   0   0   0 -0.1314   1   1
   5   5   3   3   0   0   0   0 -4.2401   1   1
   5   5   3   3   2   0   0   0  1.8282   1   1
   5   6   1   1   4   0   0   0 -1.3009   1   1
   5   6   1   1   6   0   0   0 -0.9834   1   1
   5   6   1   2   4   0   0   0  2.2676   1   1
   5   6   1   2   6   0   0   0 -0.4262   1   1
   5   6   1   3   4   0   0   0  2.3652   1   1
   5   6   2   1   4   0   0   0 -1.1112   1   1
   5   6   2   1   6   0   0   0  0.7468   1   1
   5   6   2   2   4   0   0   0 -2.5855   1   1
   5   6   2   2   6   0   0   0 -0.1314   1   1
   5   6   2   3   4   0   0   0 -1.6366   1   1
   5   6   2   3   6   0   0   0 -0.5673   1   1
   5   6   3   1   4   0   0   0 -4.4025   1   1
   5   6   3   2   4   0   0   0 -6.1720   1   1
   5   6   3   2   6   0   0   0  0.3665   1   1
   6   4   1   1   2   0   0   0 -0.0398   1   1
   6   4   1   1   4   0   0   0 -1.1239   1   1
   6   4   1   2   2   0   0   0  0.9278   1   1
   6   4   1   2   4   0   0   0  0.9201   1   1
   6   4   1   3   2   0   0   0 -0.6560   1   1
   6   4   1   3   4   0   0   0  4.0652   1   1
   6   4   2   1   2   0   0   0 -0.0076   1   1
   6   4   2   1   4   0   0   0 -0.5092   1   1
   6   4   2   2   2   0   0   0  0.1297   1   1
   6   4   2   2   4   0   0   0 -1.3483   1   1
   6   4   2   3   4   0   0   0 -4.4025   1   1
   6   4   3   1   2   0   0   0 -0.3877   1   1
   6   4   3   1   4   0   0   0 -0.9256   1   1
   6   4   3   2   4   0   0   0 -2.3652   1   1
   6   4   3   3   2   0   0   0  1.0760   1   1
   6   5   1   1   4   0   0   0 -1.3009   1   1
   6   5   1   1   6   0   0   0 -0.9834   1   1
   6   5   1   2   4   0   0   0  1.1112   1   1
   6   5   1   2   6   0   0   0 -0.7468   1   1
   6   5   1   3   4   0   0   0  4.4025   1   1
   6   5   2   1   4   0   0   0 -2.2676   1   1
   6   5   2   1   6   0   0   0  0.4262   1   1
   6   5   2   2   4   0   0   0 -2.5855   1   1
   6   5   2   2   6   0   0   0 -0.1314   1   1
   6   5   2   3   4   0   0   0 -6.1720   1   1
   6   5   2   3   6   0   0   0  0.3665   1   1
   6   5   3   1   4   0   0   0 -2.3652   1   1
   6   5   3   2   4   0   0   0 -1.6366   1   1
   6   5   3   2   6   0   0   0 -0.5673   1   1
   6   6   1   1   0   0   0   0 -3.6052   1   1
   6   6   1   1   2   0   0   0 -0.8998   1   1
   6   6   1   2   2   0   0   0  0.9585   1   1
   6   6   1   3   2   0   0   0 -1.0760   1   1
   6   6   2   1   2   0   0   0 -0.9585   1   1
   6   6   2   2   0   0   0   0 -4.2401   1   1
   6   6   2   2   2   0   0   0  1.8282   1   1
   6   6   3   1   2   0   0   0  1.0760   1   1
   6   6   3   3   0   0   0   0 -6.1199   1   1
   6   6   3   3   2   0   0   0  1.6687   1   1
