 ! Total Interaction
  63
   1   1   1   1     1     0  -1.4683
   1   1   1   2     1     0  -0.1702
   1   2   1   2     1     0  -5.3216
   1   1   2   2     1     0   1.4740
   1   2   2   2     1     0  -3.0980
   2   2   2   2     1     0  -1.2216
   1   3   2   2     1     0   0.0241
   1   1   1   3     1     0  -0.7520
   1   2   1   3     1     0  -1.4372
   1   3   1   3     1     0  -3.5826
   1   1   3   3     1     0   0.1394
   1   2   3   3     1     0  -1.7909
   2   2   3   3     1     0  -0.4732
   1   3   3   3     1     0  -0.8147
   3   3   3   3     1     0  -3.2845
   1   2   1   2     2     0  -3.7293
   1   2   1   3     2     0  -0.3922
   1   3   1   3     2     0  -1.6385
   1   2   2   3     2     0  -0.5724
   1   3   2   3     2     0  -2.2234
   2   3   2   3     2     0  -0.2793
   1   1   1   1     3     0  -2.6263
   1   1   1   2     3     0  -1.2662
   1   2   1   2     3     0  -1.0735
   1   1   2   2     3     0   1.0441
   1   2   2   2     3     0  -2.0456
   2   2   2   2     3     0  -1.4744
   1   1   2   3     3     0   0.0857
   1   2   2   3     3     0  -1.1091
   2   2   2   3     3     0  -1.0773
   2   3   2   3     3     0  -3.7033
   1   2   1   2     4     0  -4.0899
   2   2   2   2     5     0  -3.8257
   1   1   1   1     0     1  -1.6817
   1   1   2   2     0     1  -2.7472
   2   2   2   2     0     1  -2.2666
   1   1   3   3     0     1  -0.8987
   2   2   3   3     0     1  -1.3815
   3   3   3   3     0     1  -1.4976
   1   2   1   2     1     1   0.5805
   1   2   1   3     1     1  -0.0404
   1   3   1   3     1     1   0.4567
   1   1   1   1     2     1  -0.0862
   1   1   1   2     2     1   0.4456
   1   2   1   2     2     1  -0.1368
   1   1   2   2     2     1  -1.0791
   1   2   2   2     2     1   0.1892
   2   2   2   2     2     1  -0.8861
   1   3   2   2     2     1   0.7851
   1   1   1   3     2     1   0.3094
   1   2   1   3     2     1  -0.3288
   1   3   1   3     2     1  -0.2687
   1   1   2   3     2     1  -0.2810
   1   2   2   3     2     1   0.2787
   2   2   2   3     2     1  -0.8250
   1   3   2   3     2     1   1.4283
   2   3   2   3     2     1  -0.8328
   1   2   1   2     3     1   0.6794
   1   2   2   3     3     1  -0.4892
   2   3   2   3     3     1   0.6057
   1   2   1   2     4     1  -1.2792
   1   2   2   2     4     1   1.1820
   2   2   2   2     4     1  -0.1832
