      1      1      1      1           6           0  0.92617289453936102     
      1      1      1      1           4           0  -3.3433289261442876     
      1      1      1      1           2           0   2.6120615689964906     
      1      1      1      1           0           0  -6.2254517500000004     
      1      1      1      2           6           0  -1.0753213552561030     
      1      1      1      2           4           0   1.7271487879962402     
      1      1      1      2           2           0  -1.4184461324150799     
      1      1      1      3           4           0   1.0422330337676173     
      1      1      1      3           2           0   3.6881854983842999E-002
      1      1      2      1           6           0  -1.0753213552561030     
      1      1      2      1           4           0   1.7271487879962402     
      1      1      2      1           2           0  -1.4184461324150799     
      1      1      2      2           8           0  -4.5991712575212889     
      1      1      2      2           6           0   1.5770693918572720     
      1      1      2      2           4           0  -1.9467436073831750     
      1      1      2      2           2           0  0.30007550440806374     
      1      1      2      3           4           0 -0.47223778547629114     
      1      1      2      3           2           0  -7.0631057225908622E-003
      1      1      3      1           4           0   1.0422330337676173     
      1      1      3      1           2           0   3.6881854983842999E-002
      1      1      3      2           4           0 -0.47223778547629114     
      1      1      3      2           2           0  -7.0631057225908622E-003
      1      1      3      3           4           0 -0.85834980066096500     
      1      1      3      3           2           0 -0.35952614349763456     
      1      2      1      1           6           0   1.0753213552561027     
      1      2      1      1           4           0  -1.7271487879962404     
      1      2      1      1           2           0   1.4184461324150801     
      1      2      1      2           6           0   1.9326657719551519     
      1      2      1      2           4           0  -4.5345933694108682     
      1      2      1      2           2           0   1.3276818037348495     
      1      2      1      2           0           0  -8.6379926931063320     
      1      2      1      3           6           0 -0.91199566092583517     
      1      2      1      3           4           0  -1.2063984395823382     
      1      2      2      1           8           0   6.7550871964285726     
      1      2      2      1           6           0  -2.2298194216747800     
      1      2      2      1           4           0   2.2651310261346600     
      1      2      2      1           2           0  -3.1107002037443081     
      1      2      2      2           8           0   4.1184266420825910     
      1      2      2      2           6           0  -1.2850261607623246     
      1      2      2      2           4           0   3.8913651251268755     
      1      2      2      2           2           0   1.2896656878961186     
      1      2      2      3           6           0 -0.39521166419385945     
      1      2      2      3           4           0   2.1029606795291897     
      1      2      3      1           4           0  0.85329314170594073     
      1      2      3      1           2           0  0.86037960869075436     
      1      2      3      2           4           0   1.2503411458783609     
      1      2      3      2           2           0 -0.12025238946623018     
      1      2      3      3           4           0   2.1934519284392811     
      1      3      1      1           4           0  -1.0422330337676171     
      1      3      1      1           2           0  -3.6881854983842888E-002
      1      3      1      2           6           0 -0.91199566092583451     
      1      3      1      2           4           0  -1.2063984395823384     
      1      3      1      3           2           0 -0.83442519161845774     
      1      3      1      3           0           0  -3.3434165290182589     
      1      3      2      1           4           0  0.85329314170594062     
      1      3      2      1           2           0  0.86037960869075403     
      1      3      2      2           6           0 -0.69256888730369714     
      1      3      2      2           4           0   1.0305323137771663     
      1      3      2      3           2           0  0.88890522112947989     
      1      3      3      1           4           0   3.7699507952462472     
      1      3      3      1           2           0 -0.60833131764704240     
      1      3      3      2           4           0   4.0827862085873718     
      1      3      3      3           2           0 -0.99782169213041272     
      2      1      1      1           6           0   1.0753213552561027     
      2      1      1      1           4           0  -1.7271487879962399     
      2      1      1      1           2           0   1.4184461324150801     
      2      1      1      2           8           0   6.7550871964285726     
      2      1      1      2           6           0  -2.2298194216747804     
      2      1      1      2           4           0   2.2651310261346600     
      2      1      1      2           2           0  -3.1107002037443072     
      2      1      1      3           4           0  0.85329314170594062     
      2      1      1      3           2           0  0.86037960869075447     
      2      1      2      1           6           0   1.9326657719551519     
      2      1      2      1           4           0  -4.5345933694108682     
      2      1      2      1           2           0   1.3276818037348508     
      2      1      2      1           0           0  -8.6379926931063302     
      2      1      2      2           8           0   4.1184266420825910     
      2      1      2      2           6           0  -1.2850261607623246     
      2      1      2      2           4           0   3.8913651251268755     
      2      1      2      2           2           0   1.2896656878961186     
      2      1      2      3           4           0   1.2503411458783609     
      2      1      2      3           2           0 -0.12025238946623018     
      2      1      3      1           6           0 -0.91199566092583517     
      2      1      3      1           4           0  -1.2063984395823382     
      2      1      3      2           6           0 -0.39521166419385945     
      2      1      3      2           4           0   2.1029606795291897     
      2      1      3      3           4           0   2.1934519284392811     
      2      2      1      1           8           0  -4.5991712575212880     
      2      2      1      1           6           0   1.5770693918572727     
      2      2      1      1           4           0  -1.9467436073831750     
      2      2      1      1           2           0  0.30007550440806285     
      2      2      1      2           8           0  -4.1184266420825901     
      2      2      1      2           6           0   1.2850261607623241     
      2      2      1      2           4           0  -3.8913651251268759     
      2      2      1      2           2           0  -1.2896656878961177     
      2      2      1      3           6           0  0.69256888730369692     
      2      2      1      3           4           0  -1.0305323137771660     
      2      2      2      1           8           0  -4.1184266420825901     
      2      2      2      1           6           0   1.2850261607623243     
      2      2      2      1           4           0  -3.8913651251268764     
      2      2      2      1           2           0  -1.2896656878961172     
      2      2      2      2          10           0   2.7232345511276658E-002
      2      2      2      2           8           0  -2.4619604166666664     
      2      2      2      2           6           0   2.8942407004597106     
      2      2      2      2           4           0  -5.6077492021003845     
      2      2      2      2           2           0   5.3770529474665203     
      2      2      2      2           0           0  -10.735607833333333     
      2      2      2      3           6           0 -0.12189730620893413     
      2      2      2      3           4           0  -2.3977151192026560     
      2      2      3      1           6           0  0.69256888730369692     
      2      2      3      1           4           0  -1.0305323137771660     
      2      2      3      2           6           0 -0.12189730620893413     
      2      2      3      2           4           0  -2.3977151192026560     
      2      2      3      3           6           0 -0.52609566106675965     
      2      2      3      3           4           0  -1.5177351113915529     
      2      3      1      1           4           0 -0.47223778547629125     
      2      3      1      1           2           0  -7.0631057225908622E-003
      2      3      1      2           6           0  0.39521166419385934     
      2      3      1      2           4           0  -2.1029606795291897     
      2      3      1      3           2           0 -0.88890522112947989     
      2      3      2      1           4           0  -1.2503411458783613     
      2      3      2      1           2           0  0.12025238946622996     
      2      3      2      2           6           0 -0.12189730620893480     
      2      3      2      2           4           0  -2.3977151192026565     
      2      3      2      3           2           0   1.6954288789708132     
      2      3      2      3           0           0  -3.9321994598759256     
      2      3      3      1           4           0  -4.0827862085873718     
      2      3      3      2           6           0  0.33987034718877029     
      2      3      3      2           4           0  -5.7237312157405267     
      3      1      1      1           4           0  -1.0422330337676171     
      3      1      1      1           2           0  -3.6881854983842888E-002
      3      1      1      2           4           0  0.85329314170594062     
      3      1      1      2           2           0  0.86037960869075403     
      3      1      1      3           4           0   3.7699507952462472     
      3      1      1      3           2           0 -0.60833131764704240     
      3      1      2      1           6           0 -0.91199566092583451     
      3      1      2      1           4           0  -1.2063984395823384     
      3      1      2      2           6           0 -0.69256888730369714     
      3      1      2      2           4           0   1.0305323137771663     
      3      1      2      3           4           0   4.0827862085873718     
      3      1      3      1           2           0 -0.83442519161845774     
      3      1      3      1           0           0  -3.3434165290182589     
      3      1      3      2           2           0  0.88890522112947989     
      3      1      3      3           2           0 -0.99782169213041272     
      3      2      1      1           4           0 -0.47223778547629125     
      3      2      1      1           2           0  -7.0631057225908622E-003
      3      2      1      2           4           0  -1.2503411458783613     
      3      2      1      2           2           0  0.12025238946622996     
      3      2      1      3           4           0  -4.0827862085873718     
      3      2      2      1           6           0  0.39521166419385934     
      3      2      2      1           4           0  -2.1029606795291897     
      3      2      2      2           6           0 -0.12189730620893480     
      3      2      2      2           4           0  -2.3977151192026569     
      3      2      2      3           6           0  0.33987034718877029     
      3      2      2      3           4           0  -5.7237312157405267     
      3      2      3      1           2           0 -0.88890522112947989     
      3      2      3      2           2           0   1.6954288789708136     
      3      2      3      2           0           0  -3.9321994598759256     
      3      3      1      1           4           0 -0.85834980066096478     
      3      3      1      1           2           0 -0.35952614349763451     
      3      3      1      2           4           0  -2.1934519284392806     
      3      3      1      3           2           0  0.99782169213041272     
      3      3      2      1           4           0  -2.1934519284392806     
      3      3      2      2           6           0 -0.52609566106675942     
      3      3      2      2           4           0  -1.5177351113915529     
      3      3      3      1           2           0  0.99782169213041272     
      3      3      3      3           2           0   1.5474774113365108     
      3      3      3      3           0           0  -5.6754895000000012     
      1      1      1      1           6           0  0.92617289453936102     
      1      1      1      1           4           0  -3.3433289261442876     
      1      1      1      1           2           0   2.6120615689964906     
      1      1      1      1           0           0  -6.2254517500000004     
      1      1      1      2           6           0  -1.0753213552561030     
      1      1      1      2           4           0   1.7271487879962402     
      1      1      1      2           2           0  -1.4184461324150799     
      1      1      1      3           4           0   1.0422330337676173     
      1      1      1      3           2           0   3.6881854983842999E-002
      1      1      2      1           6           0  -1.0753213552561030     
      1      1      2      1           4           0   1.7271487879962402     
      1      1      2      1           2           0  -1.4184461324150799     
      1      1      2      2           8           0  -4.5991712575212889     
      1      1      2      2           6           0   1.5770693918572720     
      1      1      2      2           4           0  -1.9467436073831750     
      1      1      2      2           2           0  0.30007550440806374     
      1      1      2      3           4           0 -0.47223778547629114     
      1      1      2      3           2           0  -7.0631057225908622E-003
      1      1      3      1           4           0   1.0422330337676173     
      1      1      3      1           2           0   3.6881854983842999E-002
      1      1      3      2           4           0 -0.47223778547629114     
      1      1      3      2           2           0  -7.0631057225908622E-003
      1      1      3      3           4           0 -0.85834980066096500     
      1      1      3      3           2           0 -0.35952614349763456     
      1      2      1      1           6           0   1.0753213552561027     
      1      2      1      1           4           0  -1.7271487879962404     
      1      2      1      1           2           0   1.4184461324150801     
      1      2      1      2           6           0   1.9326657719551519     
      1      2      1      2           4           0  -4.5345933694108682     
      1      2      1      2           2           0   1.3276818037348495     
      1      2      1      2           0           0  -8.6379926931063320     
      1      2      1      3           6           0 -0.91199566092583517     
      1      2      1      3           4           0  -1.2063984395823382     
      1      2      2      1           8           0   6.7550871964285726     
      1      2      2      1           6           0  -2.2298194216747800     
      1      2      2      1           4           0   2.2651310261346600     
      1      2      2      1           2           0  -3.1107002037443081     
      1      2      2      2           8           0   4.1184266420825910     
      1      2      2      2           6           0  -1.2850261607623246     
      1      2      2      2           4           0   3.8913651251268755     
      1      2      2      2           2           0   1.2896656878961186     
      1      2      2      3           6           0 -0.39521166419385945     
      1      2      2      3           4           0   2.1029606795291897     
      1      2      3      1           4           0  0.85329314170594073     
      1      2      3      1           2           0  0.86037960869075436     
      1      2      3      2           4           0   1.2503411458783609     
      1      2      3      2           2           0 -0.12025238946623018     
      1      2      3      3           4           0   2.1934519284392811     
      1      3      1      1           4           0  -1.0422330337676171     
      1      3      1      1           2           0  -3.6881854983842888E-002
      1      3      1      2           6           0 -0.91199566092583451     
      1      3      1      2           4           0  -1.2063984395823384     
      1      3      1      3           2           0 -0.83442519161845774     
      1      3      1      3           0           0  -3.3434165290182589     
      1      3      2      1           4           0  0.85329314170594062     
      1      3      2      1           2           0  0.86037960869075403     
      1      3      2      2           6           0 -0.69256888730369714     
      1      3      2      2           4           0   1.0305323137771663     
      1      3      2      3           2           0  0.88890522112947989     
      1      3      3      1           4           0   3.7699507952462472     
      1      3      3      1           2           0 -0.60833131764704240     
      1      3      3      2           4           0   4.0827862085873718     
      1      3      3      3           2           0 -0.99782169213041272     
      2      1      1      1           6           0   1.0753213552561027     
      2      1      1      1           4           0  -1.7271487879962399     
      2      1      1      1           2           0   1.4184461324150801     
      2      1      1      2           8           0   6.7550871964285726     
      2      1      1      2           6           0  -2.2298194216747804     
      2      1      1      2           4           0   2.2651310261346600     
      2      1      1      2           2           0  -3.1107002037443072     
      2      1      1      3           4           0  0.85329314170594062     
      2      1      1      3           2           0  0.86037960869075447     
      2      1      2      1           6           0   1.9326657719551519     
      2      1      2      1           4           0  -4.5345933694108682     
      2      1      2      1           2           0   1.3276818037348508     
      2      1      2      1           0           0  -8.6379926931063302     
      2      1      2      2           8           0   4.1184266420825910     
      2      1      2      2           6           0  -1.2850261607623246     
      2      1      2      2           4           0   3.8913651251268755     
      2      1      2      2           2           0   1.2896656878961186     
      2      1      2      3           4           0   1.2503411458783609     
      2      1      2      3           2           0 -0.12025238946623018     
      2      1      3      1           6           0 -0.91199566092583517     
      2      1      3      1           4           0  -1.2063984395823382     
      2      1      3      2           6           0 -0.39521166419385945     
      2      1      3      2           4           0   2.1029606795291897     
      2      1      3      3           4           0   2.1934519284392811     
      2      2      1      1           8           0  -4.5991712575212880     
      2      2      1      1           6           0   1.5770693918572727     
      2      2      1      1           4           0  -1.9467436073831750     
      2      2      1      1           2           0  0.30007550440806285     
      2      2      1      2           8           0  -4.1184266420825901     
      2      2      1      2           6           0   1.2850261607623241     
      2      2      1      2           4           0  -3.8913651251268759     
      2      2      1      2           2           0  -1.2896656878961177     
      2      2      1      3           6           0  0.69256888730369692     
      2      2      1      3           4           0  -1.0305323137771660     
      2      2      2      1           8           0  -4.1184266420825901     
      2      2      2      1           6           0   1.2850261607623243     
      2      2      2      1           4           0  -3.8913651251268764     
      2      2      2      1           2           0  -1.2896656878961172     
      2      2      2      2          10           0   2.7232345511276658E-002
      2      2      2      2           8           0  -2.4619604166666664     
      2      2      2      2           6           0   2.8942407004597106     
      2      2      2      2           4           0  -5.6077492021003845     
      2      2      2      2           2           0   5.3770529474665203     
      2      2      2      2           0           0  -10.735607833333333     
      2      2      2      3           6           0 -0.12189730620893413     
      2      2      2      3           4           0  -2.3977151192026560     
      2      2      3      1           6           0  0.69256888730369692     
      2      2      3      1           4           0  -1.0305323137771660     
      2      2      3      2           6           0 -0.12189730620893413     
      2      2      3      2           4           0  -2.3977151192026560     
      2      2      3      3           6           0 -0.52609566106675965     
      2      2      3      3           4           0  -1.5177351113915529     
      2      3      1      1           4           0 -0.47223778547629125     
      2      3      1      1           2           0  -7.0631057225908622E-003
      2      3      1      2           6           0  0.39521166419385934     
      2      3      1      2           4           0  -2.1029606795291897     
      2      3      1      3           2           0 -0.88890522112947989     
      2      3      2      1           4           0  -1.2503411458783613     
      2      3      2      1           2           0  0.12025238946622996     
      2      3      2      2           6           0 -0.12189730620893480     
      2      3      2      2           4           0  -2.3977151192026565     
      2      3      2      3           2           0   1.6954288789708132     
      2      3      2      3           0           0  -3.9321994598759256     
      2      3      3      1           4           0  -4.0827862085873718     
      2      3      3      2           6           0  0.33987034718877029     
      2      3      3      2           4           0  -5.7237312157405267     
      3      1      1      1           4           0  -1.0422330337676171     
      3      1      1      1           2           0  -3.6881854983842888E-002
      3      1      1      2           4           0  0.85329314170594062     
      3      1      1      2           2           0  0.86037960869075403     
      3      1      1      3           4           0   3.7699507952462472     
      3      1      1      3           2           0 -0.60833131764704240     
      3      1      2      1           6           0 -0.91199566092583451     
      3      1      2      1           4           0  -1.2063984395823384     
      3      1      2      2           6           0 -0.69256888730369714     
      3      1      2      2           4           0   1.0305323137771663     
      3      1      2      3           4           0   4.0827862085873718     
      3      1      3      1           2           0 -0.83442519161845774     
      3      1      3      1           0           0  -3.3434165290182589     
      3      1      3      2           2           0  0.88890522112947989     
      3      1      3      3           2           0 -0.99782169213041272     
      3      2      1      1           4           0 -0.47223778547629125     
      3      2      1      1           2           0  -7.0631057225908622E-003
      3      2      1      2           4           0  -1.2503411458783613     
      3      2      1      2           2           0  0.12025238946622996     
      3      2      1      3           4           0  -4.0827862085873718     
      3      2      2      1           6           0  0.39521166419385934     
      3      2      2      1           4           0  -2.1029606795291897     
      3      2      2      2           6           0 -0.12189730620893480     
      3      2      2      2           4           0  -2.3977151192026569     
      3      2      2      3           6           0  0.33987034718877029     
      3      2      2      3           4           0  -5.7237312157405267     
      3      2      3      1           2           0 -0.88890522112947989     
      3      2      3      2           2           0   1.6954288789708136     
      3      2      3      2           0           0  -3.9321994598759256     
      3      3      1      1           4           0 -0.85834980066096478     
      3      3      1      1           2           0 -0.35952614349763451     
      3      3      1      2           4           0  -2.1934519284392806     
      3      3      1      3           2           0  0.99782169213041272     
      3      3      2      1           4           0  -2.1934519284392806     
      3      3      2      2           6           0 -0.52609566106675942     
      3      3      2      2           4           0  -1.5177351113915529     
      3      3      3      1           2           0  0.99782169213041272     
      3      3      3      3           2           0   1.5474774113365108     
      3      3      3      3           0           0  -5.6754895000000012     
         336          10
   1   1   4   4   0   0   0   0 -6.2255   1   1
   1   1   4   4   2   0   0   0  2.6121   1   1
   1   1   4   4   4   0   0   0 -3.3433   1   1
   1   1   4   4   6   0   0   0  0.9262   1   1
   1   1   4   5   2   0   0   0 -1.4184   1   1
   1   1   4   5   4   0   0   0  1.7271   1   1
   1   1   4   5   6   0   0   0 -1.0753   1   1
   1   1   4   6   2   0   0   0  0.0369   1   1
   1   1   4   6   4   0   0   0  1.0422   1   1
   1   1   5   4   2   0   0   0  1.4184   1   1
   1   1   5   4   4   0   0   0 -1.7271   1   1
   1   1   5   4   6   0   0   0  1.0753   1   1
   1   1   5   5   0   0   0   0 -8.6380   1   1
   1   1   5   5   2   0   0   0  1.3277   1   1
   1   1   5   5   4   0   0   0 -4.5346   1   1
   1   1   5   5   6   0   0   0  1.9327   1   1
   1   1   5   6   4   0   0   0 -1.2064   1   1
   1   1   5   6   6   0   0   0 -0.9120   1   1
   1   1   6   4   2   0   0   0 -0.0369   1   1
   1   1   6   4   4   0   0   0 -1.0422   1   1
   1   1   6   5   4   0   0   0 -1.2064   1   1
   1   1   6   5   6   0   0   0 -0.9120   1   1
   1   1   6   6   0   0   0   0 -3.3434   1   1
   1   1   6   6   2   0   0   0 -0.8344   1   1
   1   2   4   4   2   0   0   0 -1.4184   1   1
   1   2   4   4   4   0   0   0  1.7271   1   1
   1   2   4   4   6   0   0   0 -1.0753   1   1
   1   2   4   5   2   0   0   0  0.3001   1   1
   1   2   4   5   4   0   0   0 -1.9467   1   1
   1   2   4   5   6   0   0   0  1.5771   1   1
   1   2   4   5   8   0   0   0 -4.5992   1   1
   1   2   4   6   2   0   0   0 -0.0071   1   1
   1   2   4   6   4   0   0   0 -0.4722   1   1
   1   2   5   4   2   0   0   0 -3.1107   1   1
   1   2   5   4   4   0   0   0  2.2651   1   1
   1   2   5   4   6   0   0   0 -2.2298   1   1
   1   2   5   4   8   0   0   0  6.7551   1   1
   1   2   5   5   2   0   0   0  1.2897   1   1
   1   2   5   5   4   0   0   0  3.8914   1   1
   1   2   5   5   6   0   0   0 -1.2850   1   1
   1   2   5   5   8   0   0   0  4.1184   1   1
   1   2   5   6   4   0   0   0  2.1030   1   1
   1   2   5   6   6   0   0   0 -0.3952   1   1
   1   2   6   4   2   0   0   0  0.8604   1   1
   1   2   6   4   4   0   0   0  0.8533   1   1
   1   2   6   5   4   0   0   0  1.0305   1   1
   1   2   6   5   6   0   0   0 -0.6926   1   1
   1   2   6   6   2   0   0   0  0.8889   1   1
   1   3   4   4   2   0   0   0  0.0369   1   1
   1   3   4   4   4   0   0   0  1.0422   1   1
   1   3   4   5   2   0   0   0 -0.0071   1   1
   1   3   4   5   4   0   0   0 -0.4722   1   1
   1   3   4   6   2   0   0   0 -0.3595   1   1
   1   3   4   6   4   0   0   0 -0.8583   1   1
   1   3   5   4   2   0   0   0  0.8604   1   1
   1   3   5   4   4   0   0   0  0.8533   1   1
   1   3   5   5   2   0   0   0 -0.1203   1   1
   1   3   5   5   4   0   0   0  1.2503   1   1
   1   3   5   6   4   0   0   0  2.1935   1   1
   1   3   6   4   2   0   0   0 -0.6083   1   1
   1   3   6   4   4   0   0   0  3.7700   1   1
   1   3   6   5   4   0   0   0  4.0828   1   1
   1   3   6   6   2   0   0   0 -0.9978   1   1
   2   1   4   4   2   0   0   0  1.4184   1   1
   2   1   4   4   4   0   0   0 -1.7271   1   1
   2   1   4   4   6   0   0   0  1.0753   1   1
   2   1   4   5   2   0   0   0 -3.1107   1   1
   2   1   4   5   4   0   0   0  2.2651   1   1
   2   1   4   5   6   0   0   0 -2.2298   1   1
   2   1   4   5   8   0   0   0  6.7551   1   1
   2   1   4   6   2   0   0   0  0.8604   1   1
   2   1   4   6   4   0   0   0  0.8533   1   1
   2   1   5   4   2   0   0   0  0.3001   1   1
   2   1   5   4   4   0   0   0 -1.9467   1   1
   2   1   5   4   6   0   0   0  1.5771   1   1
   2   1   5   4   8   0   0   0 -4.5992   1   1
   2   1   5   5   2   0   0   0 -1.2897   1   1
   2   1   5   5   4   0   0   0 -3.8914   1   1
   2   1   5   5   6   0   0   0  1.2850   1   1
   2   1   5   5   8   0   0   0 -4.1184   1   1
   2   1   5   6   4   0   0   0 -1.0305   1   1
   2   1   5   6   6   0   0   0  0.6926   1   1
   2   1   6   4   2   0   0   0 -0.0071   1   1
   2   1   6   4   4   0   0   0 -0.4722   1   1
   2   1   6   5   4   0   0   0 -2.1030   1   1
   2   1   6   5   6   0   0   0  0.3952   1   1
   2   1   6   6   2   0   0   0 -0.8889   1   1
   2   2   4   4   0   0   0   0 -8.6380   1   1
   2   2   4   4   2   0   0   0  1.3277   1   1
   2   2   4   4   4   0   0   0 -4.5346   1   1
   2   2   4   4   6   0   0   0  1.9327   1   1
   2   2   4   5   2   0   0   0  1.2897   1   1
   2   2   4   5   4   0   0   0  3.8914   1   1
   2   2   4   5   6   0   0   0 -1.2850   1   1
   2   2   4   5   8   0   0   0  4.1184   1   1
   2   2   4   6   2   0   0   0 -0.1203   1   1
   2   2   4   6   4   0   0   0  1.2503   1   1
   2   2   5   4   2   0   0   0 -1.2897   1   1
   2   2   5   4   4   0   0   0 -3.8914   1   1
   2   2   5   4   6   0   0   0  1.2850   1   1
   2   2   5   4   8   0   0   0 -4.1184   1   1
   2   2   5   5   0   0   0   0-10.7356   1   1
   2   2   5   5   2   0   0   0  5.3771   1   1
   2   2   5   5   4   0   0   0 -5.6077   1   1
   2   2   5   5   6   0   0   0  2.8942   1   1
   2   2   5   5   8   0   0   0 -2.4620   1   1
   2   2   5   5  10   0   0   0  0.0272   1   1
   2   2   5   6   4   0   0   0 -2.3977   1   1
   2   2   5   6   6   0   0   0 -0.1219   1   1
   2   2   6   4   2   0   0   0  0.1203   1   1
   2   2   6   4   4   0   0   0 -1.2503   1   1
   2   2   6   5   4   0   0   0 -2.3977   1   1
   2   2   6   5   6   0   0   0 -0.1219   1   1
   2   2   6   6   0   0   0   0 -3.9322   1   1
   2   2   6   6   2   0   0   0  1.6954   1   1
   2   3   4   4   4   0   0   0 -1.2064   1   1
   2   3   4   4   6   0   0   0 -0.9120   1   1
   2   3   4   5   4   0   0   0  2.1030   1   1
   2   3   4   5   6   0   0   0 -0.3952   1   1
   2   3   4   6   4   0   0   0  2.1935   1   1
   2   3   5   4   4   0   0   0 -1.0305   1   1
   2   3   5   4   6   0   0   0  0.6926   1   1
   2   3   5   5   4   0   0   0 -2.3977   1   1
   2   3   5   5   6   0   0   0 -0.1219   1   1
   2   3   5   6   4   0   0   0 -1.5177   1   1
   2   3   5   6   6   0   0   0 -0.5261   1   1
   2   3   6   4   4   0   0   0 -4.0828   1   1
   2   3   6   5   4   0   0   0 -5.7237   1   1
   2   3   6   5   6   0   0   0  0.3399   1   1
   3   1   4   4   2   0   0   0 -0.0369   1   1
   3   1   4   4   4   0   0   0 -1.0422   1   1
   3   1   4   5   2   0   0   0  0.8604   1   1
   3   1   4   5   4   0   0   0  0.8533   1   1
   3   1   4   6   2   0   0   0 -0.6083   1   1
   3   1   4   6   4   0   0   0  3.7700   1   1
   3   1   5   4   2   0   0   0 -0.0071   1   1
   3   1   5   4   4   0   0   0 -0.4722   1   1
   3   1   5   5   2   0   0   0  0.1203   1   1
   3   1   5   5   4   0   0   0 -1.2503   1   1
   3   1   5   6   4   0   0   0 -4.0828   1   1
   3   1   6   4   2   0   0   0 -0.3595   1   1
   3   1   6   4   4   0   0   0 -0.8583   1   1
   3   1   6   5   4   0   0   0 -2.1935   1   1
   3   1   6   6   2   0   0   0  0.9978   1   1
   3   2   4   4   4   0   0   0 -1.2064   1   1
   3   2   4   4   6   0   0   0 -0.9120   1   1
   3   2   4   5   4   0   0   0  1.0305   1   1
   3   2   4   5   6   0   0   0 -0.6926   1   1
   3   2   4   6   4   0   0   0  4.0828   1   1
   3   2   5   4   4   0   0   0 -2.1030   1   1
   3   2   5   4   6   0   0   0  0.3952   1   1
   3   2   5   5   4   0   0   0 -2.3977   1   1
   3   2   5   5   6   0   0   0 -0.1219   1   1
   3   2   5   6   4   0   0   0 -5.7237   1   1
   3   2   5   6   6   0   0   0  0.3399   1   1
   3   2   6   4   4   0   0   0 -2.1935   1   1
   3   2   6   5   4   0   0   0 -1.5177   1   1
   3   2   6   5   6   0   0   0 -0.5261   1   1
   3   3   4   4   0   0   0   0 -3.3434   1   1
   3   3   4   4   2   0   0   0 -0.8344   1   1
   3   3   4   5   2   0   0   0  0.8889   1   1
   3   3   4   6   2   0   0   0 -0.9978   1   1
   3   3   5   4   2   0   0   0 -0.8889   1   1
   3   3   5   5   0   0   0   0 -3.9322   1   1
   3   3   5   5   2   0   0   0  1.6954   1   1
   3   3   6   4   2   0   0   0  0.9978   1   1
   3   3   6   6   0   0   0   0 -5.6755   1   1
   3   3   6   6   2   0   0   0  1.5475   1   1
   4   4   1   1   0   0   0   0 -6.2255   1   1
   4   4   1   1   2   0   0   0  2.6121   1   1
   4   4   1   1   4   0   0   0 -3.3433   1   1
   4   4   1   1   6   0   0   0  0.9262   1   1
   4   4   1   2   2   0   0   0 -1.4184   1   1
   4   4   1   2   4   0   0   0  1.7271   1   1
   4   4   1   2   6   0   0   0 -1.0753   1   1
   4   4   1   3   2   0   0   0  0.0369   1   1
   4   4   1   3   4   0   0   0  1.0422   1   1
   4   4   2   1   2   0   0   0  1.4184   1   1
   4   4   2   1   4   0   0   0 -1.7271   1   1
   4   4   2   1   6   0   0   0  1.0753   1   1
   4   4   2   2   0   0   0   0 -8.6380   1   1
   4   4   2   2   2   0   0   0  1.3277   1   1
   4   4   2   2   4   0   0   0 -4.5346   1   1
   4   4   2   2   6   0   0   0  1.9327   1   1
   4   4   2   3   4   0   0   0 -1.2064   1   1
   4   4   2   3   6   0   0   0 -0.9120   1   1
   4   4   3   1   2   0   0   0 -0.0369   1   1
   4   4   3   1   4   0   0   0 -1.0422   1   1
   4   4   3   2   4   0   0   0 -1.2064   1   1
   4   4   3   2   6   0   0   0 -0.9120   1   1
   4   4   3   3   0   0   0   0 -3.3434   1   1
   4   4   3   3   2   0   0   0 -0.8344   1   1
   4   5   1   1   2   0   0   0 -1.4184   1   1
   4   5   1   1   4   0   0   0  1.7271   1   1
   4   5   1   1   6   0   0   0 -1.0753   1   1
   4   5   1   2   2   0   0   0  0.3001   1   1
   4   5   1   2   4   0   0   0 -1.9467   1   1
   4   5   1   2   6   0   0   0  1.5771   1   1
   4   5   1   2   8   0   0   0 -4.5992   1   1
   4   5   1   3   2   0   0   0 -0.0071   1   1
   4   5   1   3   4   0   0   0 -0.4722   1   1
   4   5   2   1   2   0   0   0 -3.1107   1   1
   4   5   2   1   4   0   0   0  2.2651   1   1
   4   5   2   1   6   0   0   0 -2.2298   1   1
   4   5   2   1   8   0   0   0  6.7551   1   1
   4   5   2   2   2   0   0   0  1.2897   1   1
   4   5   2   2   4   0   0   0  3.8914   1   1
   4   5   2   2   6   0   0   0 -1.2850   1   1
   4   5   2   2   8   0   0   0  4.1184   1   1
   4   5   2   3   4   0   0   0  2.1030   1   1
   4   5   2   3   6   0   0   0 -0.3952   1   1
   4   5   3   1   2   0   0   0  0.8604   1   1
   4   5   3   1   4   0   0   0  0.8533   1   1
   4   5   3   2   4   0   0   0  1.0305   1   1
   4   5   3   2   6   0   0   0 -0.6926   1   1
   4   5   3   3   2   0   0   0  0.8889   1   1
   4   6   1   1   2   0   0   0  0.0369   1   1
   4   6   1   1   4   0   0   0  1.0422   1   1
   4   6   1   2   2   0   0   0 -0.0071   1   1
   4   6   1   2   4   0   0   0 -0.4722   1   1
   4   6   1   3   2   0   0   0 -0.3595   1   1
   4   6   1   3   4   0   0   0 -0.8583   1   1
   4   6   2   1   2   0   0   0  0.8604   1   1
   4   6   2   1   4   0   0   0  0.8533   1   1
   4   6   2   2   2   0   0   0 -0.1203   1   1
   4   6   2   2   4   0   0   0  1.2503   1   1
   4   6   2   3   4   0   0   0  2.1935   1   1
   4   6   3   1   2   0   0   0 -0.6083   1   1
   4   6   3   1   4   0   0   0  3.7700   1   1
   4   6   3   2   4   0   0   0  4.0828   1   1
   4   6   3   3   2   0   0   0 -0.9978   1   1
   5   4   1   1   2   0   0   0  1.4184   1   1
   5   4   1   1   4   0   0   0 -1.7271   1   1
   5   4   1   1   6   0   0   0  1.0753   1   1
   5   4   1   2   2   0   0   0 -3.1107   1   1
   5   4   1   2   4   0   0   0  2.2651   1   1
   5   4   1   2   6   0   0   0 -2.2298   1   1
   5   4   1   2   8   0   0   0  6.7551   1   1
   5   4   1   3   2   0   0   0  0.8604   1   1
   5   4   1   3   4   0   0   0  0.8533   1   1
   5   4   2   1   2   0   0   0  0.3001   1   1
   5   4   2   1   4   0   0   0 -1.9467   1   1
   5   4   2   1   6   0   0   0  1.5771   1   1
   5   4   2   1   8   0   0   0 -4.5992   1   1
   5   4   2   2   2   0   0   0 -1.2897   1   1
   5   4   2   2   4   0   0   0 -3.8914   1   1
   5   4   2   2   6   0   0   0  1.2850   1   1
   5   4   2   2   8   0   0   0 -4.1184   1   1
   5   4   2   3   4   0   0   0 -1.0305   1   1
   5   4   2   3   6   0   0   0  0.6926   1   1
   5   4   3   1   2   0   0   0 -0.0071   1   1
   5   4   3   1   4   0   0   0 -0.4722   1   1
   5   4   3   2   4   0   0   0 -2.1030   1   1
   5   4   3   2   6   0   0   0  0.3952   1   1
   5   4   3   3   2   0   0   0 -0.8889   1   1
   5   5   1   1   0   0   0   0 -8.6380   1   1
   5   5   1   1   2   0   0   0  1.3277   1   1
   5   5   1   1   4   0   0   0 -4.5346   1   1
   5   5   1   1   6   0   0   0  1.9327   1   1
   5   5   1   2   2   0   0   0  1.2897   1   1
   5   5   1   2   4   0   0   0  3.8914   1   1
   5   5   1   2   6   0   0   0 -1.2850   1   1
   5   5   1   2   8   0   0   0  4.1184   1   1
   5   5   1   3   2   0   0   0 -0.1203   1   1
   5   5   1   3   4   0   0   0  1.2503   1   1
   5   5   2   1   2   0   0   0 -1.2897   1   1
   5   5   2   1   4   0   0   0 -3.8914   1   1
   5   5   2   1   6   0   0   0  1.2850   1   1
   5   5   2   1   8   0   0   0 -4.1184   1   1
   5   5   2   2   0   0   0   0-10.7356   1   1
   5   5   2   2   2   0   0   0  5.3771   1   1
   5   5   2   2   4   0   0   0 -5.6077   1   1
   5   5   2   2   6   0   0   0  2.8942   1   1
   5   5   2   2   8   0   0   0 -2.4620   1   1
   5   5   2   2  10   0   0   0  0.0272   1   1
   5   5   2   3   4   0   0   0 -2.3977   1   1
   5   5   2   3   6   0   0   0 -0.1219   1   1
   5   5   3   1   2   0   0   0  0.1203   1   1
   5   5   3   1   4   0   0   0 -1.2503   1   1
   5   5   3   2   4   0   0   0 -2.3977   1   1
   5   5   3   2   6   0   0   0 -0.1219   1   1
   5   5   3   3   0   0   0   0 -3.9322   1   1
   5   5   3   3   2   0   0   0  1.6954   1   1
   5   6   1   1   4   0   0   0 -1.2064   1   1
   5   6   1   1   6   0   0   0 -0.9120   1   1
   5   6   1   2   4   0   0   0  2.1030   1   1
   5   6   1   2   6   0   0   0 -0.3952   1   1
   5   6   1   3   4   0   0   0  2.1935   1   1
   5   6   2   1   4   0   0   0 -1.0305   1   1
   5   6   2   1   6   0   0   0  0.6926   1   1
   5   6   2   2   4   0   0   0 -2.3977   1   1
   5   6   2   2   6   0   0   0 -0.1219   1   1
   5   6   2   3   4   0   0   0 -1.5177   1   1
   5   6   2   3   6   0   0   0 -0.5261   1   1
   5   6   3   1   4   0   0   0 -4.0828   1   1
   5   6   3   2   4   0   0   0 -5.7237   1   1
   5   6   3   2   6   0   0   0  0.3399   1   1
   6   4   1   1   2   0   0   0 -0.0369   1   1
   6   4   1   1   4   0   0   0 -1.0422   1   1
   6   4   1   2   2   0   0   0  0.8604   1   1
   6   4   1   2   4   0   0   0  0.8533   1   1
   6   4   1   3   2   0   0   0 -0.6083   1   1
   6   4   1   3   4   0   0   0  3.7700   1   1
   6   4   2   1   2   0   0   0 -0.0071   1   1
   6   4   2   1   4   0   0   0 -0.4722   1   1
   6   4   2   2   2   0   0   0  0.1203   1   1
   6   4   2   2   4   0   0   0 -1.2503   1   1
   6   4   2   3   4   0   0   0 -4.0828   1   1
   6   4   3   1   2   0   0   0 -0.3595   1   1
   6   4   3   1   4   0   0   0 -0.8583   1   1
   6   4   3   2   4   0   0   0 -2.1935   1   1
   6   4   3   3   2   0   0   0  0.9978   1   1
   6   5   1   1   4   0   0   0 -1.2064   1   1
   6   5   1   1   6   0   0   0 -0.9120   1   1
   6   5   1   2   4   0   0   0  1.0305   1   1
   6   5   1   2   6   0   0   0 -0.6926   1   1
   6   5   1   3   4   0   0   0  4.0828   1   1
   6   5   2   1   4   0   0   0 -2.1030   1   1
   6   5   2   1   6   0   0   0  0.3952   1   1
   6   5   2   2   4   0   0   0 -2.3977   1   1
   6   5   2   2   6   0   0   0 -0.1219   1   1
   6   5   2   3   4   0   0   0 -5.7237   1   1
   6   5   2   3   6   0   0   0  0.3399   1   1
   6   5   3   1   4   0   0   0 -2.1935   1   1
   6   5   3   2   4   0   0   0 -1.5177   1   1
   6   5   3   2   6   0   0   0 -0.5261   1   1
   6   6   1   1   0   0   0   0 -3.3434   1   1
   6   6   1   1   2   0   0   0 -0.8344   1   1
   6   6   1   2   2   0   0   0  0.8889   1   1
   6   6   1   3   2   0   0   0 -0.9978   1   1
   6   6   2   1   2   0   0   0 -0.8889   1   1
   6   6   2   2   0   0   0   0 -3.9322   1   1
   6   6   2   2   2   0   0   0  1.6954   1   1
   6   6   3   1   2   0   0   0  0.9978   1   1
   6   6   3   3   0   0   0   0 -5.6755   1   1
   6   6   3   3   2   0   0   0  1.5475   1   1
