 ! Total Interaction
  63
   1   1   1   1     1     0  -1.5613
   1   1   1   2     1     0  -0.1810
   1   2   1   2     1     0  -5.6588
   1   1   2   2     1     0   1.5674
   1   2   2   2     1     0  -3.2943
   2   2   2   2     1     0  -1.2990
   1   3   2   2     1     0   0.0256
   1   1   1   3     1     0  -0.7997
   1   2   1   3     1     0  -1.5283
   1   3   1   3     1     0  -3.8096
   1   1   3   3     1     0   0.1482
   1   2   3   3     1     0  -1.9044
   2   2   3   3     1     0  -0.5032
   1   3   3   3     1     0  -0.8663
   3   3   3   3     1     0  -3.4926
   1   2   1   2     2     0  -3.9656
   1   2   1   3     2     0  -0.4170
   1   3   1   3     2     0  -1.7423
   1   2   2   3     2     0  -0.6086
   1   3   2   3     2     0  -2.3643
   2   3   2   3     2     0  -0.2970
   1   1   1   1     3     0  -2.7927
   1   1   1   2     3     0  -1.3465
   1   2   1   2     3     0  -1.1416
   1   1   2   2     3     0   1.1103
   1   2   2   2     3     0  -2.1752
   2   2   2   2     3     0  -1.5678
   1   1   2   3     3     0   0.0911
   1   2   2   3     3     0  -1.1794
   2   2   2   3     3     0  -1.1456
   2   3   2   3     3     0  -3.9379
   1   2   1   2     4     0  -4.3490
   2   2   2   2     5     0  -4.0681
   1   1   1   1     0     1  -1.7882
   1   1   2   2     0     1  -2.9212
   2   2   2   2     0     1  -2.4102
   1   1   3   3     0     1  -0.9557
   2   2   3   3     0     1  -1.4690
   3   3   3   3     0     1  -1.5925
   1   2   1   2     1     1   0.6173
   1   2   1   3     1     1  -0.0429
   1   3   1   3     1     1   0.4857
   1   1   1   1     2     1  -0.0917
   1   1   1   2     2     1   0.4738
   1   2   1   2     2     1  -0.1455
   1   1   2   2     2     1  -1.1475
   1   2   2   2     2     1   0.2012
   2   2   2   2     2     1  -0.9422
   1   3   2   2     2     1   0.8348
   1   1   1   3     2     1   0.3290
   1   2   1   3     2     1  -0.3496
   1   3   1   3     2     1  -0.2857
   1   1   2   3     2     1  -0.2988
   1   2   2   3     2     1   0.2963
   2   2   2   3     2     1  -0.8773
   1   3   2   3     2     1   1.5189
   2   3   2   3     2     1  -0.8856
   1   2   1   2     3     1   0.7225
   1   2   2   3     3     1  -0.5202
   2   3   2   3     3     1   0.6441
   1   2   1   2     4     1  -1.3603
   1   2   2   2     4     1   1.2569
   2   2   2   2     4     1  -0.1948
