      1      1      1      1           6           0  0.98486121469652677     
      1      1      1      1           4           0  -3.5551800437161569     
      1      1      1      1           2           0   2.7775747853220460     
      1      1      1      1           0           0  -6.6199302500000012     
      1      1      1      2           6           0  -1.1434598683920256     
      1      1      1      2           4           0   1.8365901235824365     
      1      1      1      2           2           0  -1.5083255383584615     
      1      1      1      3           4           0   1.1082749957459261     
      1      1      1      3           2           0   3.9219356118726678E-002
      1      1      2      1           6           0  -1.1434598683920256     
      1      1      2      1           4           0   1.8365901235824365     
      1      1      2      1           2           0  -1.5083255383584615     
      1      1      2      2           8           0  -4.8905997014542670     
      1      1      2      2           6           0   1.6770006694350281     
      1      1      2      2           4           0  -2.0700986401153587     
      1      1      2      2           2           0  0.31908903888016638     
      1      1      2      3           4           0 -0.50216104641351977     
      1      1      2      3           2           0  -7.5110352734480412E-003
      1      1      3      1           4           0   1.1082749957459261     
      1      1      3      1           2           0   3.9219356118726678E-002
      1      1      3      2           4           0 -0.50216104641351977     
      1      1      3      2           2           0  -7.5110352734480412E-003
      1      1      3      3           4           0 -0.91274047948477177     
      1      1      3      3           2           0 -0.38230703964079604     
      1      2      1      1           6           0   1.1434598683920256     
      1      2      1      1           4           0  -1.8365901235824369     
      1      2      1      1           2           0   1.5083255383584622     
      1      2      1      2           6           0   2.0551298329744112     
      1      2      1      2           4           0  -4.8219308239618428     
      1      2      1      2           2           0   1.4118119788757761     
      1      2      1      2           0           0  -9.1853425050212945     
      1      2      1      3           6           0 -0.96978482311126002     
      1      2      1      3           4           0  -1.2828435136022291     
      1      2      2      1           8           0   7.1831274642857164     
      1      2      2      1           6           0  -2.3711131341399851     
      1      2      2      1           4           0   2.4086625286015164     
      1      2      2      1           2           0  -3.3078124786891769     
      1      2      2      2           8           0   4.3793927722706156     
      1      2      2      2           6           0  -1.3664513376982859     
      1      2      2      2           4           0   4.1379413737534403     
      1      2      2      2           2           0   1.3713854225193087     
      1      2      2      3           6           0 -0.42025528390605194     
      1      2      2      3           4           0   2.2362145704168892     
      1      2      3      1           4           0  0.90736280897610633     
      1      2      3      1           2           0  0.91489718898641315     
      1      2      3      2           4           0   1.3295707466799422     
      1      2      3      2           2           0 -0.12787271549744272     
      1      2      3      3           4           0   2.3324408754242847     
      1      3      1      1           4           0  -1.1082749957459261     
      1      3      1      1           2           0  -3.9219356118726456E-002
      1      3      1      2           6           0 -0.96978482311125946     
      1      3      1      2           4           0  -1.2828435136022296     
      1      3      1      3           2           0 -0.88730027336041561     
      1      3      1      3           0           0  -3.5552740291664269     
      1      3      2      1           4           0  0.90736280897610588     
      1      3      2      1           2           0  0.91489718898641281     
      1      3      2      2           6           0 -0.73645365167552124     
      1      3      2      2           4           0   1.0958318775776195     
      1      3      2      3           2           0  0.94523065544871043     
      1      3      3      1           4           0   4.0088358069609908     
      1      3      3      1           2           0 -0.64687832487583896     
      1      3      3      2           4           0   4.3414936834141535     
      1      3      3      3           2           0  -1.0610491461160032     
      2      1      1      1           6           0   1.1434598683920256     
      2      1      1      1           4           0  -1.8365901235824365     
      2      1      1      1           2           0   1.5083255383584622     
      2      1      1      2           8           0   7.1831274642857164     
      2      1      1      2           6           0  -2.3711131341399851     
      2      1      1      2           4           0   2.4086625286015164     
      2      1      1      2           2           0  -3.3078124786891765     
      2      1      1      3           4           0  0.90736280897610622     
      2      1      1      3           2           0  0.91489718898641326     
      2      1      2      1           6           0   2.0551298329744112     
      2      1      2      1           4           0  -4.8219308239618428     
      2      1      2      1           2           0   1.4118119788757773     
      2      1      2      1           0           0  -9.1853425050212927     
      2      1      2      2           8           0   4.3793927722706156     
      2      1      2      2           6           0  -1.3664513376982859     
      2      1      2      2           4           0   4.1379413737534403     
      2      1      2      2           2           0   1.3713854225193087     
      2      1      2      3           4           0   1.3295707466799422     
      2      1      2      3           2           0 -0.12787271549744272     
      2      1      3      1           6           0 -0.96978482311126002     
      2      1      3      1           4           0  -1.2828435136022291     
      2      1      3      2           6           0 -0.42025528390605194     
      2      1      3      2           4           0   2.2362145704168892     
      2      1      3      3           4           0   2.3324408754242847     
      2      2      1      1           8           0  -4.8905997014542670     
      2      2      1      1           6           0   1.6770006694350283     
      2      2      1      1           4           0  -2.0700986401153596     
      2      2      1      1           2           0  0.31908903888016571     
      2      2      1      2           8           0  -4.3793927722706156     
      2      2      1      2           6           0   1.3664513376982859     
      2      2      1      2           4           0  -4.1379413737534403     
      2      2      1      2           2           0  -1.3713854225193074     
      2      2      1      3           6           0  0.73645365167552090     
      2      2      1      3           4           0  -1.0958318775776190     
      2      2      2      1           8           0  -4.3793927722706156     
      2      2      2      1           6           0   1.3664513376982861     
      2      2      2      1           4           0  -4.1379413737534403     
      2      2      2      1           2           0  -1.3713854225193072     
      2      2      2      2          10           0   2.8958069621439254E-002
      2      2      2      2           8           0  -2.6179634404761911     
      2      2      2      2           6           0   3.0776340056991742     
      2      2      2      2           4           0  -5.9630878008817980     
      2      2      2      2           2           0   5.7177732313509608     
      2      2      2      2           0           0  -11.415875000000000     
      2      2      2      3           6           0 -0.12962080215151306     
      2      2      2      3           4           0  -2.5496456965033589     
      2      2      3      1           6           0  0.73645365167552090     
      2      2      3      1           4           0  -1.0958318775776190     
      2      2      3      2           6           0 -0.12962080215151306     
      2      2      3      2           4           0  -2.5496456965033589     
      2      2      3      3           6           0 -0.55943154557487240     
      2      2      3      3           4           0  -1.6139063965709752     
      2      3      1      1           4           0 -0.50216104641351988     
      2      3      1      1           2           0  -7.5110352734480690E-003
      2      3      1      2           6           0  0.42025528390605182     
      2      3      1      2           4           0  -2.2362145704168892     
      2      3      1      3           2           0 -0.94523065544871043     
      2      3      2      1           4           0  -1.3295707466799429     
      2      3      2      1           2           0  0.12787271549744250     
      2      3      2      2           6           0 -0.12962080215151373     
      2      3      2      2           4           0  -2.5496456965033589     
      2      3      2      3           2           0   1.8028604725388258     
      2      3      2      3           0           0  -4.1813649278368530     
      2      3      3      1           4           0  -4.3414936834141535     
      2      3      3      2           6           0  0.36140742429866402     
      2      3      3      2           4           0  -6.0864164105380443     
      3      1      1      1           4           0  -1.1082749957459261     
      3      1      1      1           2           0  -3.9219356118726456E-002
      3      1      1      2           4           0  0.90736280897610588     
      3      1      1      2           2           0  0.91489718898641281     
      3      1      1      3           4           0   4.0088358069609908     
      3      1      1      3           2           0 -0.64687832487583896     
      3      1      2      1           6           0 -0.96978482311125946     
      3      1      2      1           4           0  -1.2828435136022296     
      3      1      2      2           6           0 -0.73645365167552124     
      3      1      2      2           4           0   1.0958318775776195     
      3      1      2      3           4           0   4.3414936834141535     
      3      1      3      1           2           0 -0.88730027336041561     
      3      1      3      1           0           0  -3.5552740291664269     
      3      1      3      2           2           0  0.94523065544871043     
      3      1      3      3           2           0  -1.0610491461160032     
      3      2      1      1           4           0 -0.50216104641351988     
      3      2      1      1           2           0  -7.5110352734480690E-003
      3      2      1      2           4           0  -1.3295707466799429     
      3      2      1      2           2           0  0.12787271549744250     
      3      2      1      3           4           0  -4.3414936834141535     
      3      2      2      1           6           0  0.42025528390605182     
      3      2      2      1           4           0  -2.2362145704168896     
      3      2      2      2           6           0 -0.12962080215151373     
      3      2      2      2           4           0  -2.5496456965033594     
      3      2      2      3           6           0  0.36140742429866402     
      3      2      2      3           4           0  -6.0864164105380443     
      3      2      3      1           2           0 -0.94523065544871043     
      3      2      3      2           2           0   1.8028604725388262     
      3      2      3      2           0           0  -4.1813649278368521     
      3      3      1      1           4           0 -0.91274047948477155     
      3      3      1      1           2           0 -0.38230703964079604     
      3      3      1      2           4           0  -2.3324408754242842     
      3      3      1      3           2           0   1.0610491461160032     
      3      3      2      1           4           0  -2.3324408754242842     
      3      3      2      2           6           0 -0.55943154557487240     
      3      3      2      2           4           0  -1.6139063965709750     
      3      3      3      1           2           0   1.0610491461160032     
      3      3      3      3           2           0   1.6455331376800035     
      3      3      3      3           0           0  -6.0351190000000008     
      1      1      1      1           6           0  0.98486121469652677     
      1      1      1      1           4           0  -3.5551800437161569     
      1      1      1      1           2           0   2.7775747853220460     
      1      1      1      1           0           0  -6.6199302500000012     
      1      1      1      2           6           0  -1.1434598683920256     
      1      1      1      2           4           0   1.8365901235824365     
      1      1      1      2           2           0  -1.5083255383584615     
      1      1      1      3           4           0   1.1082749957459261     
      1      1      1      3           2           0   3.9219356118726678E-002
      1      1      2      1           6           0  -1.1434598683920256     
      1      1      2      1           4           0   1.8365901235824365     
      1      1      2      1           2           0  -1.5083255383584615     
      1      1      2      2           8           0  -4.8905997014542670     
      1      1      2      2           6           0   1.6770006694350281     
      1      1      2      2           4           0  -2.0700986401153587     
      1      1      2      2           2           0  0.31908903888016638     
      1      1      2      3           4           0 -0.50216104641351977     
      1      1      2      3           2           0  -7.5110352734480412E-003
      1      1      3      1           4           0   1.1082749957459261     
      1      1      3      1           2           0   3.9219356118726678E-002
      1      1      3      2           4           0 -0.50216104641351977     
      1      1      3      2           2           0  -7.5110352734480412E-003
      1      1      3      3           4           0 -0.91274047948477177     
      1      1      3      3           2           0 -0.38230703964079604     
      1      2      1      1           6           0   1.1434598683920256     
      1      2      1      1           4           0  -1.8365901235824369     
      1      2      1      1           2           0   1.5083255383584622     
      1      2      1      2           6           0   2.0551298329744112     
      1      2      1      2           4           0  -4.8219308239618428     
      1      2      1      2           2           0   1.4118119788757761     
      1      2      1      2           0           0  -9.1853425050212945     
      1      2      1      3           6           0 -0.96978482311126002     
      1      2      1      3           4           0  -1.2828435136022291     
      1      2      2      1           8           0   7.1831274642857164     
      1      2      2      1           6           0  -2.3711131341399851     
      1      2      2      1           4           0   2.4086625286015164     
      1      2      2      1           2           0  -3.3078124786891769     
      1      2      2      2           8           0   4.3793927722706156     
      1      2      2      2           6           0  -1.3664513376982859     
      1      2      2      2           4           0   4.1379413737534403     
      1      2      2      2           2           0   1.3713854225193087     
      1      2      2      3           6           0 -0.42025528390605194     
      1      2      2      3           4           0   2.2362145704168892     
      1      2      3      1           4           0  0.90736280897610633     
      1      2      3      1           2           0  0.91489718898641315     
      1      2      3      2           4           0   1.3295707466799422     
      1      2      3      2           2           0 -0.12787271549744272     
      1      2      3      3           4           0   2.3324408754242847     
      1      3      1      1           4           0  -1.1082749957459261     
      1      3      1      1           2           0  -3.9219356118726456E-002
      1      3      1      2           6           0 -0.96978482311125946     
      1      3      1      2           4           0  -1.2828435136022296     
      1      3      1      3           2           0 -0.88730027336041561     
      1      3      1      3           0           0  -3.5552740291664269     
      1      3      2      1           4           0  0.90736280897610588     
      1      3      2      1           2           0  0.91489718898641281     
      1      3      2      2           6           0 -0.73645365167552124     
      1      3      2      2           4           0   1.0958318775776195     
      1      3      2      3           2           0  0.94523065544871043     
      1      3      3      1           4           0   4.0088358069609908     
      1      3      3      1           2           0 -0.64687832487583896     
      1      3      3      2           4           0   4.3414936834141535     
      1      3      3      3           2           0  -1.0610491461160032     
      2      1      1      1           6           0   1.1434598683920256     
      2      1      1      1           4           0  -1.8365901235824365     
      2      1      1      1           2           0   1.5083255383584622     
      2      1      1      2           8           0   7.1831274642857164     
      2      1      1      2           6           0  -2.3711131341399851     
      2      1      1      2           4           0   2.4086625286015164     
      2      1      1      2           2           0  -3.3078124786891765     
      2      1      1      3           4           0  0.90736280897610622     
      2      1      1      3           2           0  0.91489718898641326     
      2      1      2      1           6           0   2.0551298329744112     
      2      1      2      1           4           0  -4.8219308239618428     
      2      1      2      1           2           0   1.4118119788757773     
      2      1      2      1           0           0  -9.1853425050212927     
      2      1      2      2           8           0   4.3793927722706156     
      2      1      2      2           6           0  -1.3664513376982859     
      2      1      2      2           4           0   4.1379413737534403     
      2      1      2      2           2           0   1.3713854225193087     
      2      1      2      3           4           0   1.3295707466799422     
      2      1      2      3           2           0 -0.12787271549744272     
      2      1      3      1           6           0 -0.96978482311126002     
      2      1      3      1           4           0  -1.2828435136022291     
      2      1      3      2           6           0 -0.42025528390605194     
      2      1      3      2           4           0   2.2362145704168892     
      2      1      3      3           4           0   2.3324408754242847     
      2      2      1      1           8           0  -4.8905997014542670     
      2      2      1      1           6           0   1.6770006694350283     
      2      2      1      1           4           0  -2.0700986401153596     
      2      2      1      1           2           0  0.31908903888016571     
      2      2      1      2           8           0  -4.3793927722706156     
      2      2      1      2           6           0   1.3664513376982859     
      2      2      1      2           4           0  -4.1379413737534403     
      2      2      1      2           2           0  -1.3713854225193074     
      2      2      1      3           6           0  0.73645365167552090     
      2      2      1      3           4           0  -1.0958318775776190     
      2      2      2      1           8           0  -4.3793927722706156     
      2      2      2      1           6           0   1.3664513376982861     
      2      2      2      1           4           0  -4.1379413737534403     
      2      2      2      1           2           0  -1.3713854225193072     
      2      2      2      2          10           0   2.8958069621439254E-002
      2      2      2      2           8           0  -2.6179634404761911     
      2      2      2      2           6           0   3.0776340056991742     
      2      2      2      2           4           0  -5.9630878008817980     
      2      2      2      2           2           0   5.7177732313509608     
      2      2      2      2           0           0  -11.415875000000000     
      2      2      2      3           6           0 -0.12962080215151306     
      2      2      2      3           4           0  -2.5496456965033589     
      2      2      3      1           6           0  0.73645365167552090     
      2      2      3      1           4           0  -1.0958318775776190     
      2      2      3      2           6           0 -0.12962080215151306     
      2      2      3      2           4           0  -2.5496456965033589     
      2      2      3      3           6           0 -0.55943154557487240     
      2      2      3      3           4           0  -1.6139063965709752     
      2      3      1      1           4           0 -0.50216104641351988     
      2      3      1      1           2           0  -7.5110352734480690E-003
      2      3      1      2           6           0  0.42025528390605182     
      2      3      1      2           4           0  -2.2362145704168892     
      2      3      1      3           2           0 -0.94523065544871043     
      2      3      2      1           4           0  -1.3295707466799429     
      2      3      2      1           2           0  0.12787271549744250     
      2      3      2      2           6           0 -0.12962080215151373     
      2      3      2      2           4           0  -2.5496456965033589     
      2      3      2      3           2           0   1.8028604725388258     
      2      3      2      3           0           0  -4.1813649278368530     
      2      3      3      1           4           0  -4.3414936834141535     
      2      3      3      2           6           0  0.36140742429866402     
      2      3      3      2           4           0  -6.0864164105380443     
      3      1      1      1           4           0  -1.1082749957459261     
      3      1      1      1           2           0  -3.9219356118726456E-002
      3      1      1      2           4           0  0.90736280897610588     
      3      1      1      2           2           0  0.91489718898641281     
      3      1      1      3           4           0   4.0088358069609908     
      3      1      1      3           2           0 -0.64687832487583896     
      3      1      2      1           6           0 -0.96978482311125946     
      3      1      2      1           4           0  -1.2828435136022296     
      3      1      2      2           6           0 -0.73645365167552124     
      3      1      2      2           4           0   1.0958318775776195     
      3      1      2      3           4           0   4.3414936834141535     
      3      1      3      1           2           0 -0.88730027336041561     
      3      1      3      1           0           0  -3.5552740291664269     
      3      1      3      2           2           0  0.94523065544871043     
      3      1      3      3           2           0  -1.0610491461160032     
      3      2      1      1           4           0 -0.50216104641351988     
      3      2      1      1           2           0  -7.5110352734480690E-003
      3      2      1      2           4           0  -1.3295707466799429     
      3      2      1      2           2           0  0.12787271549744250     
      3      2      1      3           4           0  -4.3414936834141535     
      3      2      2      1           6           0  0.42025528390605182     
      3      2      2      1           4           0  -2.2362145704168896     
      3      2      2      2           6           0 -0.12962080215151373     
      3      2      2      2           4           0  -2.5496456965033594     
      3      2      2      3           6           0  0.36140742429866402     
      3      2      2      3           4           0  -6.0864164105380443     
      3      2      3      1           2           0 -0.94523065544871043     
      3      2      3      2           2           0   1.8028604725388262     
      3      2      3      2           0           0  -4.1813649278368521     
      3      3      1      1           4           0 -0.91274047948477155     
      3      3      1      1           2           0 -0.38230703964079604     
      3      3      1      2           4           0  -2.3324408754242842     
      3      3      1      3           2           0   1.0610491461160032     
      3      3      2      1           4           0  -2.3324408754242842     
      3      3      2      2           6           0 -0.55943154557487240     
      3      3      2      2           4           0  -1.6139063965709750     
      3      3      3      1           2           0   1.0610491461160032     
      3      3      3      3           2           0   1.6455331376800035     
      3      3      3      3           0           0  -6.0351190000000008     
         336          10
   1   1   4   4   0   0   0   0 -6.6199   1   1
   1   1   4   4   2   0   0   0  2.7776   1   1
   1   1   4   4   4   0   0   0 -3.5552   1   1
   1   1   4   4   6   0   0   0  0.9849   1   1
   1   1   4   5   2   0   0   0 -1.5083   1   1
   1   1   4   5   4   0   0   0  1.8366   1   1
   1   1   4   5   6   0   0   0 -1.1435   1   1
   1   1   4   6   2   0   0   0  0.0392   1   1
   1   1   4   6   4   0   0   0  1.1083   1   1
   1   1   5   4   2   0   0   0  1.5083   1   1
   1   1   5   4   4   0   0   0 -1.8366   1   1
   1   1   5   4   6   0   0   0  1.1435   1   1
   1   1   5   5   0   0   0   0 -9.1853   1   1
   1   1   5   5   2   0   0   0  1.4118   1   1
   1   1   5   5   4   0   0   0 -4.8219   1   1
   1   1   5   5   6   0   0   0  2.0551   1   1
   1   1   5   6   4   0   0   0 -1.2828   1   1
   1   1   5   6   6   0   0   0 -0.9698   1   1
   1   1   6   4   2   0   0   0 -0.0392   1   1
   1   1   6   4   4   0   0   0 -1.1083   1   1
   1   1   6   5   4   0   0   0 -1.2828   1   1
   1   1   6   5   6   0   0   0 -0.9698   1   1
   1   1   6   6   0   0   0   0 -3.5553   1   1
   1   1   6   6   2   0   0   0 -0.8873   1   1
   1   2   4   4   2   0   0   0 -1.5083   1   1
   1   2   4   4   4   0   0   0  1.8366   1   1
   1   2   4   4   6   0   0   0 -1.1435   1   1
   1   2   4   5   2   0   0   0  0.3191   1   1
   1   2   4   5   4   0   0   0 -2.0701   1   1
   1   2   4   5   6   0   0   0  1.6770   1   1
   1   2   4   5   8   0   0   0 -4.8906   1   1
   1   2   4   6   2   0   0   0 -0.0075   1   1
   1   2   4   6   4   0   0   0 -0.5022   1   1
   1   2   5   4   2   0   0   0 -3.3078   1   1
   1   2   5   4   4   0   0   0  2.4087   1   1
   1   2   5   4   6   0   0   0 -2.3711   1   1
   1   2   5   4   8   0   0   0  7.1831   1   1
   1   2   5   5   2   0   0   0  1.3714   1   1
   1   2   5   5   4   0   0   0  4.1379   1   1
   1   2   5   5   6   0   0   0 -1.3665   1   1
   1   2   5   5   8   0   0   0  4.3794   1   1
   1   2   5   6   4   0   0   0  2.2362   1   1
   1   2   5   6   6   0   0   0 -0.4203   1   1
   1   2   6   4   2   0   0   0  0.9149   1   1
   1   2   6   4   4   0   0   0  0.9074   1   1
   1   2   6   5   4   0   0   0  1.0958   1   1
   1   2   6   5   6   0   0   0 -0.7365   1   1
   1   2   6   6   2   0   0   0  0.9452   1   1
   1   3   4   4   2   0   0   0  0.0392   1   1
   1   3   4   4   4   0   0   0  1.1083   1   1
   1   3   4   5   2   0   0   0 -0.0075   1   1
   1   3   4   5   4   0   0   0 -0.5022   1   1
   1   3   4   6   2   0   0   0 -0.3823   1   1
   1   3   4   6   4   0   0   0 -0.9127   1   1
   1   3   5   4   2   0   0   0  0.9149   1   1
   1   3   5   4   4   0   0   0  0.9074   1   1
   1   3   5   5   2   0   0   0 -0.1279   1   1
   1   3   5   5   4   0   0   0  1.3296   1   1
   1   3   5   6   4   0   0   0  2.3324   1   1
   1   3   6   4   2   0   0   0 -0.6469   1   1
   1   3   6   4   4   0   0   0  4.0088   1   1
   1   3   6   5   4   0   0   0  4.3415   1   1
   1   3   6   6   2   0   0   0 -1.0610   1   1
   2   1   4   4   2   0   0   0  1.5083   1   1
   2   1   4   4   4   0   0   0 -1.8366   1   1
   2   1   4   4   6   0   0   0  1.1435   1   1
   2   1   4   5   2   0   0   0 -3.3078   1   1
   2   1   4   5   4   0   0   0  2.4087   1   1
   2   1   4   5   6   0   0   0 -2.3711   1   1
   2   1   4   5   8   0   0   0  7.1831   1   1
   2   1   4   6   2   0   0   0  0.9149   1   1
   2   1   4   6   4   0   0   0  0.9074   1   1
   2   1   5   4   2   0   0   0  0.3191   1   1
   2   1   5   4   4   0   0   0 -2.0701   1   1
   2   1   5   4   6   0   0   0  1.6770   1   1
   2   1   5   4   8   0   0   0 -4.8906   1   1
   2   1   5   5   2   0   0   0 -1.3714   1   1
   2   1   5   5   4   0   0   0 -4.1379   1   1
   2   1   5   5   6   0   0   0  1.3665   1   1
   2   1   5   5   8   0   0   0 -4.3794   1   1
   2   1   5   6   4   0   0   0 -1.0958   1   1
   2   1   5   6   6   0   0   0  0.7365   1   1
   2   1   6   4   2   0   0   0 -0.0075   1   1
   2   1   6   4   4   0   0   0 -0.5022   1   1
   2   1   6   5   4   0   0   0 -2.2362   1   1
   2   1   6   5   6   0   0   0  0.4203   1   1
   2   1   6   6   2   0   0   0 -0.9452   1   1
   2   2   4   4   0   0   0   0 -9.1853   1   1
   2   2   4   4   2   0   0   0  1.4118   1   1
   2   2   4   4   4   0   0   0 -4.8219   1   1
   2   2   4   4   6   0   0   0  2.0551   1   1
   2   2   4   5   2   0   0   0  1.3714   1   1
   2   2   4   5   4   0   0   0  4.1379   1   1
   2   2   4   5   6   0   0   0 -1.3665   1   1
   2   2   4   5   8   0   0   0  4.3794   1   1
   2   2   4   6   2   0   0   0 -0.1279   1   1
   2   2   4   6   4   0   0   0  1.3296   1   1
   2   2   5   4   2   0   0   0 -1.3714   1   1
   2   2   5   4   4   0   0   0 -4.1379   1   1
   2   2   5   4   6   0   0   0  1.3665   1   1
   2   2   5   4   8   0   0   0 -4.3794   1   1
   2   2   5   5   0   0   0   0-11.4159   1   1
   2   2   5   5   2   0   0   0  5.7178   1   1
   2   2   5   5   4   0   0   0 -5.9631   1   1
   2   2   5   5   6   0   0   0  3.0776   1   1
   2   2   5   5   8   0   0   0 -2.6180   1   1
   2   2   5   5  10   0   0   0  0.0290   1   1
   2   2   5   6   4   0   0   0 -2.5496   1   1
   2   2   5   6   6   0   0   0 -0.1296   1   1
   2   2   6   4   2   0   0   0  0.1279   1   1
   2   2   6   4   4   0   0   0 -1.3296   1   1
   2   2   6   5   4   0   0   0 -2.5496   1   1
   2   2   6   5   6   0   0   0 -0.1296   1   1
   2   2   6   6   0   0   0   0 -4.1814   1   1
   2   2   6   6   2   0   0   0  1.8029   1   1
   2   3   4   4   4   0   0   0 -1.2828   1   1
   2   3   4   4   6   0   0   0 -0.9698   1   1
   2   3   4   5   4   0   0   0  2.2362   1   1
   2   3   4   5   6   0   0   0 -0.4203   1   1
   2   3   4   6   4   0   0   0  2.3324   1   1
   2   3   5   4   4   0   0   0 -1.0958   1   1
   2   3   5   4   6   0   0   0  0.7365   1   1
   2   3   5   5   4   0   0   0 -2.5496   1   1
   2   3   5   5   6   0   0   0 -0.1296   1   1
   2   3   5   6   4   0   0   0 -1.6139   1   1
   2   3   5   6   6   0   0   0 -0.5594   1   1
   2   3   6   4   4   0   0   0 -4.3415   1   1
   2   3   6   5   4   0   0   0 -6.0864   1   1
   2   3   6   5   6   0   0   0  0.3614   1   1
   3   1   4   4   2   0   0   0 -0.0392   1   1
   3   1   4   4   4   0   0   0 -1.1083   1   1
   3   1   4   5   2   0   0   0  0.9149   1   1
   3   1   4   5   4   0   0   0  0.9074   1   1
   3   1   4   6   2   0   0   0 -0.6469   1   1
   3   1   4   6   4   0   0   0  4.0088   1   1
   3   1   5   4   2   0   0   0 -0.0075   1   1
   3   1   5   4   4   0   0   0 -0.5022   1   1
   3   1   5   5   2   0   0   0  0.1279   1   1
   3   1   5   5   4   0   0   0 -1.3296   1   1
   3   1   5   6   4   0   0   0 -4.3415   1   1
   3   1   6   4   2   0   0   0 -0.3823   1   1
   3   1   6   4   4   0   0   0 -0.9127   1   1
   3   1   6   5   4   0   0   0 -2.3324   1   1
   3   1   6   6   2   0   0   0  1.0610   1   1
   3   2   4   4   4   0   0   0 -1.2828   1   1
   3   2   4   4   6   0   0   0 -0.9698   1   1
   3   2   4   5   4   0   0   0  1.0958   1   1
   3   2   4   5   6   0   0   0 -0.7365   1   1
   3   2   4   6   4   0   0   0  4.3415   1   1
   3   2   5   4   4   0   0   0 -2.2362   1   1
   3   2   5   4   6   0   0   0  0.4203   1   1
   3   2   5   5   4   0   0   0 -2.5496   1   1
   3   2   5   5   6   0   0   0 -0.1296   1   1
   3   2   5   6   4   0   0   0 -6.0864   1   1
   3   2   5   6   6   0   0   0  0.3614   1   1
   3   2   6   4   4   0   0   0 -2.3324   1   1
   3   2   6   5   4   0   0   0 -1.6139   1   1
   3   2   6   5   6   0   0   0 -0.5594   1   1
   3   3   4   4   0   0   0   0 -3.5553   1   1
   3   3   4   4   2   0   0   0 -0.8873   1   1
   3   3   4   5   2   0   0   0  0.9452   1   1
   3   3   4   6   2   0   0   0 -1.0610   1   1
   3   3   5   4   2   0   0   0 -0.9452   1   1
   3   3   5   5   0   0   0   0 -4.1814   1   1
   3   3   5   5   2   0   0   0  1.8029   1   1
   3   3   6   4   2   0   0   0  1.0610   1   1
   3   3   6   6   0   0   0   0 -6.0351   1   1
   3   3   6   6   2   0   0   0  1.6455   1   1
   4   4   1   1   0   0   0   0 -6.6199   1   1
   4   4   1   1   2   0   0   0  2.7776   1   1
   4   4   1   1   4   0   0   0 -3.5552   1   1
   4   4   1   1   6   0   0   0  0.9849   1   1
   4   4   1   2   2   0   0   0 -1.5083   1   1
   4   4   1   2   4   0   0   0  1.8366   1   1
   4   4   1   2   6   0   0   0 -1.1435   1   1
   4   4   1   3   2   0   0   0  0.0392   1   1
   4   4   1   3   4   0   0   0  1.1083   1   1
   4   4   2   1   2   0   0   0  1.5083   1   1
   4   4   2   1   4   0   0   0 -1.8366   1   1
   4   4   2   1   6   0   0   0  1.1435   1   1
   4   4   2   2   0   0   0   0 -9.1853   1   1
   4   4   2   2   2   0   0   0  1.4118   1   1
   4   4   2   2   4   0   0   0 -4.8219   1   1
   4   4   2   2   6   0   0   0  2.0551   1   1
   4   4   2   3   4   0   0   0 -1.2828   1   1
   4   4   2   3   6   0   0   0 -0.9698   1   1
   4   4   3   1   2   0   0   0 -0.0392   1   1
   4   4   3   1   4   0   0   0 -1.1083   1   1
   4   4   3   2   4   0   0   0 -1.2828   1   1
   4   4   3   2   6   0   0   0 -0.9698   1   1
   4   4   3   3   0   0   0   0 -3.5553   1   1
   4   4   3   3   2   0   0   0 -0.8873   1   1
   4   5   1   1   2   0   0   0 -1.5083   1   1
   4   5   1   1   4   0   0   0  1.8366   1   1
   4   5   1   1   6   0   0   0 -1.1435   1   1
   4   5   1   2   2   0   0   0  0.3191   1   1
   4   5   1   2   4   0   0   0 -2.0701   1   1
   4   5   1   2   6   0   0   0  1.6770   1   1
   4   5   1   2   8   0   0   0 -4.8906   1   1
   4   5   1   3   2   0   0   0 -0.0075   1   1
   4   5   1   3   4   0   0   0 -0.5022   1   1
   4   5   2   1   2   0   0   0 -3.3078   1   1
   4   5   2   1   4   0   0   0  2.4087   1   1
   4   5   2   1   6   0   0   0 -2.3711   1   1
   4   5   2   1   8   0   0   0  7.1831   1   1
   4   5   2   2   2   0   0   0  1.3714   1   1
   4   5   2   2   4   0   0   0  4.1379   1   1
   4   5   2   2   6   0   0   0 -1.3665   1   1
   4   5   2   2   8   0   0   0  4.3794   1   1
   4   5   2   3   4   0   0   0  2.2362   1   1
   4   5   2   3   6   0   0   0 -0.4203   1   1
   4   5   3   1   2   0   0   0  0.9149   1   1
   4   5   3   1   4   0   0   0  0.9074   1   1
   4   5   3   2   4   0   0   0  1.0958   1   1
   4   5   3   2   6   0   0   0 -0.7365   1   1
   4   5   3   3   2   0   0   0  0.9452   1   1
   4   6   1   1   2   0   0   0  0.0392   1   1
   4   6   1   1   4   0   0   0  1.1083   1   1
   4   6   1   2   2   0   0   0 -0.0075   1   1
   4   6   1   2   4   0   0   0 -0.5022   1   1
   4   6   1   3   2   0   0   0 -0.3823   1   1
   4   6   1   3   4   0   0   0 -0.9127   1   1
   4   6   2   1   2   0   0   0  0.9149   1   1
   4   6   2   1   4   0   0   0  0.9074   1   1
   4   6   2   2   2   0   0   0 -0.1279   1   1
   4   6   2   2   4   0   0   0  1.3296   1   1
   4   6   2   3   4   0   0   0  2.3324   1   1
   4   6   3   1   2   0   0   0 -0.6469   1   1
   4   6   3   1   4   0   0   0  4.0088   1   1
   4   6   3   2   4   0   0   0  4.3415   1   1
   4   6   3   3   2   0   0   0 -1.0610   1   1
   5   4   1   1   2   0   0   0  1.5083   1   1
   5   4   1   1   4   0   0   0 -1.8366   1   1
   5   4   1   1   6   0   0   0  1.1435   1   1
   5   4   1   2   2   0   0   0 -3.3078   1   1
   5   4   1   2   4   0   0   0  2.4087   1   1
   5   4   1   2   6   0   0   0 -2.3711   1   1
   5   4   1   2   8   0   0   0  7.1831   1   1
   5   4   1   3   2   0   0   0  0.9149   1   1
   5   4   1   3   4   0   0   0  0.9074   1   1
   5   4   2   1   2   0   0   0  0.3191   1   1
   5   4   2   1   4   0   0   0 -2.0701   1   1
   5   4   2   1   6   0   0   0  1.6770   1   1
   5   4   2   1   8   0   0   0 -4.8906   1   1
   5   4   2   2   2   0   0   0 -1.3714   1   1
   5   4   2   2   4   0   0   0 -4.1379   1   1
   5   4   2   2   6   0   0   0  1.3665   1   1
   5   4   2   2   8   0   0   0 -4.3794   1   1
   5   4   2   3   4   0   0   0 -1.0958   1   1
   5   4   2   3   6   0   0   0  0.7365   1   1
   5   4   3   1   2   0   0   0 -0.0075   1   1
   5   4   3   1   4   0   0   0 -0.5022   1   1
   5   4   3   2   4   0   0   0 -2.2362   1   1
   5   4   3   2   6   0   0   0  0.4203   1   1
   5   4   3   3   2   0   0   0 -0.9452   1   1
   5   5   1   1   0   0   0   0 -9.1853   1   1
   5   5   1   1   2   0   0   0  1.4118   1   1
   5   5   1   1   4   0   0   0 -4.8219   1   1
   5   5   1   1   6   0   0   0  2.0551   1   1
   5   5   1   2   2   0   0   0  1.3714   1   1
   5   5   1   2   4   0   0   0  4.1379   1   1
   5   5   1   2   6   0   0   0 -1.3665   1   1
   5   5   1   2   8   0   0   0  4.3794   1   1
   5   5   1   3   2   0   0   0 -0.1279   1   1
   5   5   1   3   4   0   0   0  1.3296   1   1
   5   5   2   1   2   0   0   0 -1.3714   1   1
   5   5   2   1   4   0   0   0 -4.1379   1   1
   5   5   2   1   6   0   0   0  1.3665   1   1
   5   5   2   1   8   0   0   0 -4.3794   1   1
   5   5   2   2   0   0   0   0-11.4159   1   1
   5   5   2   2   2   0   0   0  5.7178   1   1
   5   5   2   2   4   0   0   0 -5.9631   1   1
   5   5   2   2   6   0   0   0  3.0776   1   1
   5   5   2   2   8   0   0   0 -2.6180   1   1
   5   5   2   2  10   0   0   0  0.0290   1   1
   5   5   2   3   4   0   0   0 -2.5496   1   1
   5   5   2   3   6   0   0   0 -0.1296   1   1
   5   5   3   1   2   0   0   0  0.1279   1   1
   5   5   3   1   4   0   0   0 -1.3296   1   1
   5   5   3   2   4   0   0   0 -2.5496   1   1
   5   5   3   2   6   0   0   0 -0.1296   1   1
   5   5   3   3   0   0   0   0 -4.1814   1   1
   5   5   3   3   2   0   0   0  1.8029   1   1
   5   6   1   1   4   0   0   0 -1.2828   1   1
   5   6   1   1   6   0   0   0 -0.9698   1   1
   5   6   1   2   4   0   0   0  2.2362   1   1
   5   6   1   2   6   0   0   0 -0.4203   1   1
   5   6   1   3   4   0   0   0  2.3324   1   1
   5   6   2   1   4   0   0   0 -1.0958   1   1
   5   6   2   1   6   0   0   0  0.7365   1   1
   5   6   2   2   4   0   0   0 -2.5496   1   1
   5   6   2   2   6   0   0   0 -0.1296   1   1
   5   6   2   3   4   0   0   0 -1.6139   1   1
   5   6   2   3   6   0   0   0 -0.5594   1   1
   5   6   3   1   4   0   0   0 -4.3415   1   1
   5   6   3   2   4   0   0   0 -6.0864   1   1
   5   6   3   2   6   0   0   0  0.3614   1   1
   6   4   1   1   2   0   0   0 -0.0392   1   1
   6   4   1   1   4   0   0   0 -1.1083   1   1
   6   4   1   2   2   0   0   0  0.9149   1   1
   6   4   1   2   4   0   0   0  0.9074   1   1
   6   4   1   3   2   0   0   0 -0.6469   1   1
   6   4   1   3   4   0   0   0  4.0088   1   1
   6   4   2   1   2   0   0   0 -0.0075   1   1
   6   4   2   1   4   0   0   0 -0.5022   1   1
   6   4   2   2   2   0   0   0  0.1279   1   1
   6   4   2   2   4   0   0   0 -1.3296   1   1
   6   4   2   3   4   0   0   0 -4.3415   1   1
   6   4   3   1   2   0   0   0 -0.3823   1   1
   6   4   3   1   4   0   0   0 -0.9127   1   1
   6   4   3   2   4   0   0   0 -2.3324   1   1
   6   4   3   3   2   0   0   0  1.0610   1   1
   6   5   1   1   4   0   0   0 -1.2828   1   1
   6   5   1   1   6   0   0   0 -0.9698   1   1
   6   5   1   2   4   0   0   0  1.0958   1   1
   6   5   1   2   6   0   0   0 -0.7365   1   1
   6   5   1   3   4   0   0   0  4.3415   1   1
   6   5   2   1   4   0   0   0 -2.2362   1   1
   6   5   2   1   6   0   0   0  0.4203   1   1
   6   5   2   2   4   0   0   0 -2.5496   1   1
   6   5   2   2   6   0   0   0 -0.1296   1   1
   6   5   2   3   4   0   0   0 -6.0864   1   1
   6   5   2   3   6   0   0   0  0.3614   1   1
   6   5   3   1   4   0   0   0 -2.3324   1   1
   6   5   3   2   4   0   0   0 -1.6139   1   1
   6   5   3   2   6   0   0   0 -0.5594   1   1
   6   6   1   1   0   0   0   0 -3.5553   1   1
   6   6   1   1   2   0   0   0 -0.8873   1   1
   6   6   1   2   2   0   0   0  0.9452   1   1
   6   6   1   3   2   0   0   0 -1.0610   1   1
   6   6   2   1   2   0   0   0 -0.9452   1   1
   6   6   2   2   0   0   0   0 -4.1814   1   1
   6   6   2   2   2   0   0   0  1.8029   1   1
   6   6   3   1   2   0   0   0  1.0610   1   1
   6   6   3   3   0   0   0   0 -6.0351   1   1
   6   6   3   3   2   0   0   0  1.6455   1   1
