      1      1      1      1           6           0  0.93671899155282989     
      1      1      1      1           4           0  -3.3813987660850140     
      1      1      1      1           2           0   2.6418044320666039     
      1      1      1      1           0           0  -6.2963435000000008     
      1      1      1      2           6           0  -1.0875662832157185     
      1      1      1      2           4           0   1.7468155304640045     
      1      1      1      2           2           0  -1.4345971066881842     
      1      1      1      3           4           0   1.0541017035279330     
      1      1      1      3           2           0   3.7302146097915156E-002
      1      1      2      1           6           0  -1.0875662832157185     
      1      1      2      1           4           0   1.7468155304640045     
      1      1      2      1           2           0  -1.4345971066881842     
      1      1      2      2           8           0  -4.6515429945639841     
      1      1      2      2           6           0   1.5950274323367768     
      1      1      2      2           4           0  -1.9689122334900067     
      1      1      2      2           2           0  0.30349254139976578     
      1      1      2      3           4           0 -0.47761473360272488     
      1      1      2      3           2           0  -7.1434010875963683E-003
      1      1      3      1           4           0   1.0541017035279332     
      1      1      3      1           2           0   3.7302146097915156E-002
      1      1      3      2           4           0 -0.47761473360272488     
      1      1      3      2           2           0  -7.1434010875963683E-003
      1      1      3      3           4           0 -0.86812481640729222     
      1      1      3      3           2           0 -0.36361870445124977     
      1      2      1      1           6           0   1.0875662832157185     
      1      2      1      1           4           0  -1.7468155304640050     
      1      2      1      1           2           0   1.4345971066881846     
      1      2      1      2           6           0   1.9546733392410465     
      1      2      1      2           4           0  -4.5862299256982002     
      1      2      1      2           2           0   1.3428015492330856     
      1      2      1      2           0           0  -8.7363557300244779     
      1      2      1      3           6           0 -0.92238099135101370     
      1      2      1      3           4           0  -1.2201365524061527     
      1      2      2      1           8           0   6.8320101964285733     
      1      2      2      1           6           0  -2.2552121080744323     
      1      2      2      1           4           0   2.2909248715128125     
      1      2      2      1           2           0  -3.1461229377264108     
      1      2      2      2           8           0   4.1653249984351284     
      1      2      2      2           6           0  -1.2996591327645755     
      1      2      2      2           4           0   3.9356773808527810     
      1      2      2      2           2           0   1.3043513614861793     
      1      2      2      3           6           0 -0.39971222433888787     
      1      2      2      3           4           0   2.1269063028950779     
      1      2      3      1           4           0  0.86300986323634477     
      1      2      3      1           2           0  0.87017693254477624     
      1      2      3      2           4           0   1.2645808549916588     
      1      2      3      2           2           0 -0.12162190192278322     
      1      2      3      3           4           0   2.2184281506015697     
      1      3      1      1           4           0  -1.0541017035279330     
      1      3      1      1           2           0  -3.7302146097915045E-002
      1      3      1      2           6           0 -0.92238099135101315     
      1      3      1      2           4           0  -1.2201365524061529     
      1      3      1      3           2           0 -0.84392680868477754     
      1      3      1      3           0           0  -3.3814889258842955     
      1      3      2      1           4           0  0.86300986323634465     
      1      3      2      1           2           0  0.87017693254477602     
      1      3      2      2           6           0 -0.70045595341052425     
      1      3      2      2           4           0   1.0422675514069093     
      1      3      2      3           2           0  0.89902678282963278     
      1      3      3      1           4           0   3.8128805053292716     
      1      3      3      1           2           0 -0.61525908786461647     
      1      3      3      2           4           0   4.1292774159415586     
      1      3      3      3           2           0  -1.0091848750471837     
      2      1      1      1           6           0   1.0875662832157182     
      2      1      1      1           4           0  -1.7468155304640043     
      2      1      1      1           2           0   1.4345971066881846     
      2      1      1      2           8           0   6.8320101964285733     
      2      1      1      2           6           0  -2.2552121080744323     
      2      1      1      2           4           0   2.2909248715128125     
      2      1      1      2           2           0  -3.1461229377264104     
      2      1      1      3           4           0  0.86300986323634477     
      2      1      1      3           2           0  0.87017693254477635     
      2      1      2      1           6           0   1.9546733392410465     
      2      1      2      1           4           0  -4.5862299256982002     
      2      1      2      1           2           0   1.3428015492330867     
      2      1      2      1           0           0  -8.7363557300244761     
      2      1      2      2           8           0   4.1653249984351284     
      2      1      2      2           6           0  -1.2996591327645752     
      2      1      2      2           4           0   3.9356773808527810     
      2      1      2      2           2           0   1.3043513614861793     
      2      1      2      3           4           0   1.2645808549916586     
      2      1      2      3           2           0 -0.12162190192278322     
      2      1      3      1           6           0 -0.92238099135101370     
      2      1      3      1           4           0  -1.2201365524061527     
      2      1      3      2           6           0 -0.39971222433888787     
      2      1      3      2           4           0   2.1269063028950779     
      2      1      3      3           4           0   2.2184281506015697     
      2      2      1      1           8           0  -4.6515429945639841     
      2      2      1      1           6           0   1.5950274323367768     
      2      2      1      1           4           0  -1.9689122334900067     
      2      2      1      1           2           0  0.30349254139976556     
      2      2      1      2           8           0  -4.1653249984351275     
      2      2      1      2           6           0   1.2996591327645750     
      2      2      1      2           4           0  -3.9356773808527810     
      2      2      1      2           2           0  -1.3043513614861779     
      2      2      1      3           6           0  0.70045595341052391     
      2      2      1      3           4           0  -1.0422675514069091     
      2      2      2      1           8           0  -4.1653249984351275     
      2      2      2      1           6           0   1.2996591327645750     
      2      2      2      1           4           0  -3.9356773808527814     
      2      2      2      1           2           0  -1.3043513614861777     
      2      2      2      2          10           0   2.7542726314573586E-002
      2      2      2      2           8           0  -2.4899953809523812     
      2      2      2      2           6           0   2.9271978355346047     
      2      2      2      2           4           0  -5.6716074756023600     
      2      2      2      2           2           0   5.4382830797100734     
      2      2      2      2           0           0  -10.857857000000001     
      2      2      2      3           6           0 -0.12328490726670749     
      2      2      2      3           4           0  -2.4250181600095781     
      2      2      3      1           6           0  0.70045595341052391     
      2      2      3      1           4           0  -1.0422675514069091     
      2      2      3      2           6           0 -0.12328490726670749     
      2      2      3      2           4           0  -2.4250181600095781     
      2      2      3      3           6           0 -0.53208644364493352     
      2      2      3      3           4           0  -1.5350170822600928     
      2      3      1      1           4           0 -0.47761473360272499     
      2      3      1      1           2           0  -7.1434010875963683E-003
      2      3      1      2           6           0  0.39971222433888787     
      2      3      1      2           4           0  -2.1269063028950779     
      2      3      1      3           2           0 -0.89902678282963278     
      2      3      2      1           4           0  -1.2645808549916593     
      2      3      2      1           2           0  0.12162190192278299     
      2      3      2      2           6           0 -0.12328490726670815     
      2      3      2      2           4           0  -2.4250181600095786     
      2      3      2      3           2           0   1.7147349881264446     
      2      3      2      3           0           0  -3.9769757156653602     
      2      3      3      1           4           0  -4.1292774159415595     
      2      3      3      2           6           0  0.34374041991902987     
      2      3      3      2           4           0  -5.7889086841656852     
      3      1      1      1           4           0  -1.0541017035279330     
      3      1      1      1           2           0  -3.7302146097915045E-002
      3      1      1      2           4           0  0.86300986323634465     
      3      1      1      2           2           0  0.87017693254477602     
      3      1      1      3           4           0   3.8128805053292716     
      3      1      1      3           2           0 -0.61525908786461647     
      3      1      2      1           6           0 -0.92238099135101315     
      3      1      2      1           4           0  -1.2201365524061529     
      3      1      2      2           6           0 -0.70045595341052425     
      3      1      2      2           4           0   1.0422675514069093     
      3      1      2      3           4           0   4.1292774159415586     
      3      1      3      1           2           0 -0.84392680868477754     
      3      1      3      1           0           0  -3.3814889258842955     
      3      1      3      2           2           0  0.89902678282963278     
      3      1      3      3           2           0  -1.0091848750471837     
      3      2      1      1           4           0 -0.47761473360272499     
      3      2      1      1           2           0  -7.1434010875963683E-003
      3      2      1      2           4           0  -1.2645808549916593     
      3      2      1      2           2           0  0.12162190192278299     
      3      2      1      3           4           0  -4.1292774159415595     
      3      2      2      1           6           0  0.39971222433888787     
      3      2      2      1           4           0  -2.1269063028950783     
      3      2      2      2           6           0 -0.12328490726670815     
      3      2      2      2           4           0  -2.4250181600095786     
      3      2      2      3           6           0  0.34374041991902987     
      3      2      2      3           4           0  -5.7889086841656852     
      3      2      3      1           2           0 -0.89902678282963278     
      3      2      3      2           2           0   1.7147349881264455     
      3      2      3      2           0           0  -3.9769757156653593     
      3      3      1      1           4           0 -0.86812481640729211     
      3      3      1      1           2           0 -0.36361870445124989     
      3      3      1      2           4           0  -2.2184281506015697     
      3      3      1      3           2           0   1.0091848750471837     
      3      3      2      1           4           0  -2.2184281506015697     
      3      3      2      2           6           0 -0.53208644364493329     
      3      3      2      2           4           0  -1.5350170822600924     
      3      3      3      1           2           0   1.0091848750471837     
      3      3      3      3           2           0   1.5650984302273134     
      3      3      3      3           0           0  -5.7401180000000016     
      1      1      1      1           6           0  0.93671899155282989     
      1      1      1      1           4           0  -3.3813987660850140     
      1      1      1      1           2           0   2.6418044320666039     
      1      1      1      1           0           0  -6.2963435000000008     
      1      1      1      2           6           0  -1.0875662832157185     
      1      1      1      2           4           0   1.7468155304640045     
      1      1      1      2           2           0  -1.4345971066881842     
      1      1      1      3           4           0   1.0541017035279330     
      1      1      1      3           2           0   3.7302146097915156E-002
      1      1      2      1           6           0  -1.0875662832157185     
      1      1      2      1           4           0   1.7468155304640045     
      1      1      2      1           2           0  -1.4345971066881842     
      1      1      2      2           8           0  -4.6515429945639841     
      1      1      2      2           6           0   1.5950274323367768     
      1      1      2      2           4           0  -1.9689122334900067     
      1      1      2      2           2           0  0.30349254139976578     
      1      1      2      3           4           0 -0.47761473360272488     
      1      1      2      3           2           0  -7.1434010875963683E-003
      1      1      3      1           4           0   1.0541017035279332     
      1      1      3      1           2           0   3.7302146097915156E-002
      1      1      3      2           4           0 -0.47761473360272488     
      1      1      3      2           2           0  -7.1434010875963683E-003
      1      1      3      3           4           0 -0.86812481640729222     
      1      1      3      3           2           0 -0.36361870445124977     
      1      2      1      1           6           0   1.0875662832157185     
      1      2      1      1           4           0  -1.7468155304640050     
      1      2      1      1           2           0   1.4345971066881846     
      1      2      1      2           6           0   1.9546733392410465     
      1      2      1      2           4           0  -4.5862299256982002     
      1      2      1      2           2           0   1.3428015492330856     
      1      2      1      2           0           0  -8.7363557300244779     
      1      2      1      3           6           0 -0.92238099135101370     
      1      2      1      3           4           0  -1.2201365524061527     
      1      2      2      1           8           0   6.8320101964285733     
      1      2      2      1           6           0  -2.2552121080744323     
      1      2      2      1           4           0   2.2909248715128125     
      1      2      2      1           2           0  -3.1461229377264108     
      1      2      2      2           8           0   4.1653249984351284     
      1      2      2      2           6           0  -1.2996591327645755     
      1      2      2      2           4           0   3.9356773808527810     
      1      2      2      2           2           0   1.3043513614861793     
      1      2      2      3           6           0 -0.39971222433888787     
      1      2      2      3           4           0   2.1269063028950779     
      1      2      3      1           4           0  0.86300986323634477     
      1      2      3      1           2           0  0.87017693254477624     
      1      2      3      2           4           0   1.2645808549916588     
      1      2      3      2           2           0 -0.12162190192278322     
      1      2      3      3           4           0   2.2184281506015697     
      1      3      1      1           4           0  -1.0541017035279330     
      1      3      1      1           2           0  -3.7302146097915045E-002
      1      3      1      2           6           0 -0.92238099135101315     
      1      3      1      2           4           0  -1.2201365524061529     
      1      3      1      3           2           0 -0.84392680868477754     
      1      3      1      3           0           0  -3.3814889258842955     
      1      3      2      1           4           0  0.86300986323634465     
      1      3      2      1           2           0  0.87017693254477602     
      1      3      2      2           6           0 -0.70045595341052425     
      1      3      2      2           4           0   1.0422675514069093     
      1      3      2      3           2           0  0.89902678282963278     
      1      3      3      1           4           0   3.8128805053292716     
      1      3      3      1           2           0 -0.61525908786461647     
      1      3      3      2           4           0   4.1292774159415586     
      1      3      3      3           2           0  -1.0091848750471837     
      2      1      1      1           6           0   1.0875662832157182     
      2      1      1      1           4           0  -1.7468155304640043     
      2      1      1      1           2           0   1.4345971066881846     
      2      1      1      2           8           0   6.8320101964285733     
      2      1      1      2           6           0  -2.2552121080744323     
      2      1      1      2           4           0   2.2909248715128125     
      2      1      1      2           2           0  -3.1461229377264104     
      2      1      1      3           4           0  0.86300986323634477     
      2      1      1      3           2           0  0.87017693254477635     
      2      1      2      1           6           0   1.9546733392410465     
      2      1      2      1           4           0  -4.5862299256982002     
      2      1      2      1           2           0   1.3428015492330867     
      2      1      2      1           0           0  -8.7363557300244761     
      2      1      2      2           8           0   4.1653249984351284     
      2      1      2      2           6           0  -1.2996591327645752     
      2      1      2      2           4           0   3.9356773808527810     
      2      1      2      2           2           0   1.3043513614861793     
      2      1      2      3           4           0   1.2645808549916586     
      2      1      2      3           2           0 -0.12162190192278322     
      2      1      3      1           6           0 -0.92238099135101370     
      2      1      3      1           4           0  -1.2201365524061527     
      2      1      3      2           6           0 -0.39971222433888787     
      2      1      3      2           4           0   2.1269063028950779     
      2      1      3      3           4           0   2.2184281506015697     
      2      2      1      1           8           0  -4.6515429945639841     
      2      2      1      1           6           0   1.5950274323367768     
      2      2      1      1           4           0  -1.9689122334900067     
      2      2      1      1           2           0  0.30349254139976556     
      2      2      1      2           8           0  -4.1653249984351275     
      2      2      1      2           6           0   1.2996591327645750     
      2      2      1      2           4           0  -3.9356773808527810     
      2      2      1      2           2           0  -1.3043513614861779     
      2      2      1      3           6           0  0.70045595341052391     
      2      2      1      3           4           0  -1.0422675514069091     
      2      2      2      1           8           0  -4.1653249984351275     
      2      2      2      1           6           0   1.2996591327645750     
      2      2      2      1           4           0  -3.9356773808527814     
      2      2      2      1           2           0  -1.3043513614861777     
      2      2      2      2          10           0   2.7542726314573586E-002
      2      2      2      2           8           0  -2.4899953809523812     
      2      2      2      2           6           0   2.9271978355346047     
      2      2      2      2           4           0  -5.6716074756023600     
      2      2      2      2           2           0   5.4382830797100734     
      2      2      2      2           0           0  -10.857857000000001     
      2      2      2      3           6           0 -0.12328490726670749     
      2      2      2      3           4           0  -2.4250181600095781     
      2      2      3      1           6           0  0.70045595341052391     
      2      2      3      1           4           0  -1.0422675514069091     
      2      2      3      2           6           0 -0.12328490726670749     
      2      2      3      2           4           0  -2.4250181600095781     
      2      2      3      3           6           0 -0.53208644364493352     
      2      2      3      3           4           0  -1.5350170822600928     
      2      3      1      1           4           0 -0.47761473360272499     
      2      3      1      1           2           0  -7.1434010875963683E-003
      2      3      1      2           6           0  0.39971222433888787     
      2      3      1      2           4           0  -2.1269063028950779     
      2      3      1      3           2           0 -0.89902678282963278     
      2      3      2      1           4           0  -1.2645808549916593     
      2      3      2      1           2           0  0.12162190192278299     
      2      3      2      2           6           0 -0.12328490726670815     
      2      3      2      2           4           0  -2.4250181600095786     
      2      3      2      3           2           0   1.7147349881264446     
      2      3      2      3           0           0  -3.9769757156653602     
      2      3      3      1           4           0  -4.1292774159415595     
      2      3      3      2           6           0  0.34374041991902987     
      2      3      3      2           4           0  -5.7889086841656852     
      3      1      1      1           4           0  -1.0541017035279330     
      3      1      1      1           2           0  -3.7302146097915045E-002
      3      1      1      2           4           0  0.86300986323634465     
      3      1      1      2           2           0  0.87017693254477602     
      3      1      1      3           4           0   3.8128805053292716     
      3      1      1      3           2           0 -0.61525908786461647     
      3      1      2      1           6           0 -0.92238099135101315     
      3      1      2      1           4           0  -1.2201365524061529     
      3      1      2      2           6           0 -0.70045595341052425     
      3      1      2      2           4           0   1.0422675514069093     
      3      1      2      3           4           0   4.1292774159415586     
      3      1      3      1           2           0 -0.84392680868477754     
      3      1      3      1           0           0  -3.3814889258842955     
      3      1      3      2           2           0  0.89902678282963278     
      3      1      3      3           2           0  -1.0091848750471837     
      3      2      1      1           4           0 -0.47761473360272499     
      3      2      1      1           2           0  -7.1434010875963683E-003
      3      2      1      2           4           0  -1.2645808549916593     
      3      2      1      2           2           0  0.12162190192278299     
      3      2      1      3           4           0  -4.1292774159415595     
      3      2      2      1           6           0  0.39971222433888787     
      3      2      2      1           4           0  -2.1269063028950783     
      3      2      2      2           6           0 -0.12328490726670815     
      3      2      2      2           4           0  -2.4250181600095786     
      3      2      2      3           6           0  0.34374041991902987     
      3      2      2      3           4           0  -5.7889086841656852     
      3      2      3      1           2           0 -0.89902678282963278     
      3      2      3      2           2           0   1.7147349881264455     
      3      2      3      2           0           0  -3.9769757156653593     
      3      3      1      1           4           0 -0.86812481640729211     
      3      3      1      1           2           0 -0.36361870445124989     
      3      3      1      2           4           0  -2.2184281506015697     
      3      3      1      3           2           0   1.0091848750471837     
      3      3      2      1           4           0  -2.2184281506015697     
      3      3      2      2           6           0 -0.53208644364493329     
      3      3      2      2           4           0  -1.5350170822600924     
      3      3      3      1           2           0   1.0091848750471837     
      3      3      3      3           2           0   1.5650984302273134     
      3      3      3      3           0           0  -5.7401180000000016     
         336          10
   1   1   4   4   0   0   0   0 -6.2963   1   1
   1   1   4   4   2   0   0   0  2.6418   1   1
   1   1   4   4   4   0   0   0 -3.3814   1   1
   1   1   4   4   6   0   0   0  0.9367   1   1
   1   1   4   5   2   0   0   0 -1.4346   1   1
   1   1   4   5   4   0   0   0  1.7468   1   1
   1   1   4   5   6   0   0   0 -1.0876   1   1
   1   1   4   6   2   0   0   0  0.0373   1   1
   1   1   4   6   4   0   0   0  1.0541   1   1
   1   1   5   4   2   0   0   0  1.4346   1   1
   1   1   5   4   4   0   0   0 -1.7468   1   1
   1   1   5   4   6   0   0   0  1.0876   1   1
   1   1   5   5   0   0   0   0 -8.7364   1   1
   1   1   5   5   2   0   0   0  1.3428   1   1
   1   1   5   5   4   0   0   0 -4.5862   1   1
   1   1   5   5   6   0   0   0  1.9547   1   1
   1   1   5   6   4   0   0   0 -1.2201   1   1
   1   1   5   6   6   0   0   0 -0.9224   1   1
   1   1   6   4   2   0   0   0 -0.0373   1   1
   1   1   6   4   4   0   0   0 -1.0541   1   1
   1   1   6   5   4   0   0   0 -1.2201   1   1
   1   1   6   5   6   0   0   0 -0.9224   1   1
   1   1   6   6   0   0   0   0 -3.3815   1   1
   1   1   6   6   2   0   0   0 -0.8439   1   1
   1   2   4   4   2   0   0   0 -1.4346   1   1
   1   2   4   4   4   0   0   0  1.7468   1   1
   1   2   4   4   6   0   0   0 -1.0876   1   1
   1   2   4   5   2   0   0   0  0.3035   1   1
   1   2   4   5   4   0   0   0 -1.9689   1   1
   1   2   4   5   6   0   0   0  1.5950   1   1
   1   2   4   5   8   0   0   0 -4.6515   1   1
   1   2   4   6   2   0   0   0 -0.0071   1   1
   1   2   4   6   4   0   0   0 -0.4776   1   1
   1   2   5   4   2   0   0   0 -3.1461   1   1
   1   2   5   4   4   0   0   0  2.2909   1   1
   1   2   5   4   6   0   0   0 -2.2552   1   1
   1   2   5   4   8   0   0   0  6.8320   1   1
   1   2   5   5   2   0   0   0  1.3044   1   1
   1   2   5   5   4   0   0   0  3.9357   1   1
   1   2   5   5   6   0   0   0 -1.2997   1   1
   1   2   5   5   8   0   0   0  4.1653   1   1
   1   2   5   6   4   0   0   0  2.1269   1   1
   1   2   5   6   6   0   0   0 -0.3997   1   1
   1   2   6   4   2   0   0   0  0.8702   1   1
   1   2   6   4   4   0   0   0  0.8630   1   1
   1   2   6   5   4   0   0   0  1.0423   1   1
   1   2   6   5   6   0   0   0 -0.7005   1   1
   1   2   6   6   2   0   0   0  0.8990   1   1
   1   3   4   4   2   0   0   0  0.0373   1   1
   1   3   4   4   4   0   0   0  1.0541   1   1
   1   3   4   5   2   0   0   0 -0.0071   1   1
   1   3   4   5   4   0   0   0 -0.4776   1   1
   1   3   4   6   2   0   0   0 -0.3636   1   1
   1   3   4   6   4   0   0   0 -0.8681   1   1
   1   3   5   4   2   0   0   0  0.8702   1   1
   1   3   5   4   4   0   0   0  0.8630   1   1
   1   3   5   5   2   0   0   0 -0.1216   1   1
   1   3   5   5   4   0   0   0  1.2646   1   1
   1   3   5   6   4   0   0   0  2.2184   1   1
   1   3   6   4   2   0   0   0 -0.6153   1   1
   1   3   6   4   4   0   0   0  3.8129   1   1
   1   3   6   5   4   0   0   0  4.1293   1   1
   1   3   6   6   2   0   0   0 -1.0092   1   1
   2   1   4   4   2   0   0   0  1.4346   1   1
   2   1   4   4   4   0   0   0 -1.7468   1   1
   2   1   4   4   6   0   0   0  1.0876   1   1
   2   1   4   5   2   0   0   0 -3.1461   1   1
   2   1   4   5   4   0   0   0  2.2909   1   1
   2   1   4   5   6   0   0   0 -2.2552   1   1
   2   1   4   5   8   0   0   0  6.8320   1   1
   2   1   4   6   2   0   0   0  0.8702   1   1
   2   1   4   6   4   0   0   0  0.8630   1   1
   2   1   5   4   2   0   0   0  0.3035   1   1
   2   1   5   4   4   0   0   0 -1.9689   1   1
   2   1   5   4   6   0   0   0  1.5950   1   1
   2   1   5   4   8   0   0   0 -4.6515   1   1
   2   1   5   5   2   0   0   0 -1.3044   1   1
   2   1   5   5   4   0   0   0 -3.9357   1   1
   2   1   5   5   6   0   0   0  1.2997   1   1
   2   1   5   5   8   0   0   0 -4.1653   1   1
   2   1   5   6   4   0   0   0 -1.0423   1   1
   2   1   5   6   6   0   0   0  0.7005   1   1
   2   1   6   4   2   0   0   0 -0.0071   1   1
   2   1   6   4   4   0   0   0 -0.4776   1   1
   2   1   6   5   4   0   0   0 -2.1269   1   1
   2   1   6   5   6   0   0   0  0.3997   1   1
   2   1   6   6   2   0   0   0 -0.8990   1   1
   2   2   4   4   0   0   0   0 -8.7364   1   1
   2   2   4   4   2   0   0   0  1.3428   1   1
   2   2   4   4   4   0   0   0 -4.5862   1   1
   2   2   4   4   6   0   0   0  1.9547   1   1
   2   2   4   5   2   0   0   0  1.3044   1   1
   2   2   4   5   4   0   0   0  3.9357   1   1
   2   2   4   5   6   0   0   0 -1.2997   1   1
   2   2   4   5   8   0   0   0  4.1653   1   1
   2   2   4   6   2   0   0   0 -0.1216   1   1
   2   2   4   6   4   0   0   0  1.2646   1   1
   2   2   5   4   2   0   0   0 -1.3044   1   1
   2   2   5   4   4   0   0   0 -3.9357   1   1
   2   2   5   4   6   0   0   0  1.2997   1   1
   2   2   5   4   8   0   0   0 -4.1653   1   1
   2   2   5   5   0   0   0   0-10.8579   1   1
   2   2   5   5   2   0   0   0  5.4383   1   1
   2   2   5   5   4   0   0   0 -5.6716   1   1
   2   2   5   5   6   0   0   0  2.9272   1   1
   2   2   5   5   8   0   0   0 -2.4900   1   1
   2   2   5   5  10   0   0   0  0.0275   1   1
   2   2   5   6   4   0   0   0 -2.4250   1   1
   2   2   5   6   6   0   0   0 -0.1233   1   1
   2   2   6   4   2   0   0   0  0.1216   1   1
   2   2   6   4   4   0   0   0 -1.2646   1   1
   2   2   6   5   4   0   0   0 -2.4250   1   1
   2   2   6   5   6   0   0   0 -0.1233   1   1
   2   2   6   6   0   0   0   0 -3.9770   1   1
   2   2   6   6   2   0   0   0  1.7147   1   1
   2   3   4   4   4   0   0   0 -1.2201   1   1
   2   3   4   4   6   0   0   0 -0.9224   1   1
   2   3   4   5   4   0   0   0  2.1269   1   1
   2   3   4   5   6   0   0   0 -0.3997   1   1
   2   3   4   6   4   0   0   0  2.2184   1   1
   2   3   5   4   4   0   0   0 -1.0423   1   1
   2   3   5   4   6   0   0   0  0.7005   1   1
   2   3   5   5   4   0   0   0 -2.4250   1   1
   2   3   5   5   6   0   0   0 -0.1233   1   1
   2   3   5   6   4   0   0   0 -1.5350   1   1
   2   3   5   6   6   0   0   0 -0.5321   1   1
   2   3   6   4   4   0   0   0 -4.1293   1   1
   2   3   6   5   4   0   0   0 -5.7889   1   1
   2   3   6   5   6   0   0   0  0.3437   1   1
   3   1   4   4   2   0   0   0 -0.0373   1   1
   3   1   4   4   4   0   0   0 -1.0541   1   1
   3   1   4   5   2   0   0   0  0.8702   1   1
   3   1   4   5   4   0   0   0  0.8630   1   1
   3   1   4   6   2   0   0   0 -0.6153   1   1
   3   1   4   6   4   0   0   0  3.8129   1   1
   3   1   5   4   2   0   0   0 -0.0071   1   1
   3   1   5   4   4   0   0   0 -0.4776   1   1
   3   1   5   5   2   0   0   0  0.1216   1   1
   3   1   5   5   4   0   0   0 -1.2646   1   1
   3   1   5   6   4   0   0   0 -4.1293   1   1
   3   1   6   4   2   0   0   0 -0.3636   1   1
   3   1   6   4   4   0   0   0 -0.8681   1   1
   3   1   6   5   4   0   0   0 -2.2184   1   1
   3   1   6   6   2   0   0   0  1.0092   1   1
   3   2   4   4   4   0   0   0 -1.2201   1   1
   3   2   4   4   6   0   0   0 -0.9224   1   1
   3   2   4   5   4   0   0   0  1.0423   1   1
   3   2   4   5   6   0   0   0 -0.7005   1   1
   3   2   4   6   4   0   0   0  4.1293   1   1
   3   2   5   4   4   0   0   0 -2.1269   1   1
   3   2   5   4   6   0   0   0  0.3997   1   1
   3   2   5   5   4   0   0   0 -2.4250   1   1
   3   2   5   5   6   0   0   0 -0.1233   1   1
   3   2   5   6   4   0   0   0 -5.7889   1   1
   3   2   5   6   6   0   0   0  0.3437   1   1
   3   2   6   4   4   0   0   0 -2.2184   1   1
   3   2   6   5   4   0   0   0 -1.5350   1   1
   3   2   6   5   6   0   0   0 -0.5321   1   1
   3   3   4   4   0   0   0   0 -3.3815   1   1
   3   3   4   4   2   0   0   0 -0.8439   1   1
   3   3   4   5   2   0   0   0  0.8990   1   1
   3   3   4   6   2   0   0   0 -1.0092   1   1
   3   3   5   4   2   0   0   0 -0.8990   1   1
   3   3   5   5   0   0   0   0 -3.9770   1   1
   3   3   5   5   2   0   0   0  1.7147   1   1
   3   3   6   4   2   0   0   0  1.0092   1   1
   3   3   6   6   0   0   0   0 -5.7401   1   1
   3   3   6   6   2   0   0   0  1.5651   1   1
   4   4   1   1   0   0   0   0 -6.2963   1   1
   4   4   1   1   2   0   0   0  2.6418   1   1
   4   4   1   1   4   0   0   0 -3.3814   1   1
   4   4   1   1   6   0   0   0  0.9367   1   1
   4   4   1   2   2   0   0   0 -1.4346   1   1
   4   4   1   2   4   0   0   0  1.7468   1   1
   4   4   1   2   6   0   0   0 -1.0876   1   1
   4   4   1   3   2   0   0   0  0.0373   1   1
   4   4   1   3   4   0   0   0  1.0541   1   1
   4   4   2   1   2   0   0   0  1.4346   1   1
   4   4   2   1   4   0   0   0 -1.7468   1   1
   4   4   2   1   6   0   0   0  1.0876   1   1
   4   4   2   2   0   0   0   0 -8.7364   1   1
   4   4   2   2   2   0   0   0  1.3428   1   1
   4   4   2   2   4   0   0   0 -4.5862   1   1
   4   4   2   2   6   0   0   0  1.9547   1   1
   4   4   2   3   4   0   0   0 -1.2201   1   1
   4   4   2   3   6   0   0   0 -0.9224   1   1
   4   4   3   1   2   0   0   0 -0.0373   1   1
   4   4   3   1   4   0   0   0 -1.0541   1   1
   4   4   3   2   4   0   0   0 -1.2201   1   1
   4   4   3   2   6   0   0   0 -0.9224   1   1
   4   4   3   3   0   0   0   0 -3.3815   1   1
   4   4   3   3   2   0   0   0 -0.8439   1   1
   4   5   1   1   2   0   0   0 -1.4346   1   1
   4   5   1   1   4   0   0   0  1.7468   1   1
   4   5   1   1   6   0   0   0 -1.0876   1   1
   4   5   1   2   2   0   0   0  0.3035   1   1
   4   5   1   2   4   0   0   0 -1.9689   1   1
   4   5   1   2   6   0   0   0  1.5950   1   1
   4   5   1   2   8   0   0   0 -4.6515   1   1
   4   5   1   3   2   0   0   0 -0.0071   1   1
   4   5   1   3   4   0   0   0 -0.4776   1   1
   4   5   2   1   2   0   0   0 -3.1461   1   1
   4   5   2   1   4   0   0   0  2.2909   1   1
   4   5   2   1   6   0   0   0 -2.2552   1   1
   4   5   2   1   8   0   0   0  6.8320   1   1
   4   5   2   2   2   0   0   0  1.3044   1   1
   4   5   2   2   4   0   0   0  3.9357   1   1
   4   5   2   2   6   0   0   0 -1.2997   1   1
   4   5   2   2   8   0   0   0  4.1653   1   1
   4   5   2   3   4   0   0   0  2.1269   1   1
   4   5   2   3   6   0   0   0 -0.3997   1   1
   4   5   3   1   2   0   0   0  0.8702   1   1
   4   5   3   1   4   0   0   0  0.8630   1   1
   4   5   3   2   4   0   0   0  1.0423   1   1
   4   5   3   2   6   0   0   0 -0.7005   1   1
   4   5   3   3   2   0   0   0  0.8990   1   1
   4   6   1   1   2   0   0   0  0.0373   1   1
   4   6   1   1   4   0   0   0  1.0541   1   1
   4   6   1   2   2   0   0   0 -0.0071   1   1
   4   6   1   2   4   0   0   0 -0.4776   1   1
   4   6   1   3   2   0   0   0 -0.3636   1   1
   4   6   1   3   4   0   0   0 -0.8681   1   1
   4   6   2   1   2   0   0   0  0.8702   1   1
   4   6   2   1   4   0   0   0  0.8630   1   1
   4   6   2   2   2   0   0   0 -0.1216   1   1
   4   6   2   2   4   0   0   0  1.2646   1   1
   4   6   2   3   4   0   0   0  2.2184   1   1
   4   6   3   1   2   0   0   0 -0.6153   1   1
   4   6   3   1   4   0   0   0  3.8129   1   1
   4   6   3   2   4   0   0   0  4.1293   1   1
   4   6   3   3   2   0   0   0 -1.0092   1   1
   5   4   1   1   2   0   0   0  1.4346   1   1
   5   4   1   1   4   0   0   0 -1.7468   1   1
   5   4   1   1   6   0   0   0  1.0876   1   1
   5   4   1   2   2   0   0   0 -3.1461   1   1
   5   4   1   2   4   0   0   0  2.2909   1   1
   5   4   1   2   6   0   0   0 -2.2552   1   1
   5   4   1   2   8   0   0   0  6.8320   1   1
   5   4   1   3   2   0   0   0  0.8702   1   1
   5   4   1   3   4   0   0   0  0.8630   1   1
   5   4   2   1   2   0   0   0  0.3035   1   1
   5   4   2   1   4   0   0   0 -1.9689   1   1
   5   4   2   1   6   0   0   0  1.5950   1   1
   5   4   2   1   8   0   0   0 -4.6515   1   1
   5   4   2   2   2   0   0   0 -1.3044   1   1
   5   4   2   2   4   0   0   0 -3.9357   1   1
   5   4   2   2   6   0   0   0  1.2997   1   1
   5   4   2   2   8   0   0   0 -4.1653   1   1
   5   4   2   3   4   0   0   0 -1.0423   1   1
   5   4   2   3   6   0   0   0  0.7005   1   1
   5   4   3   1   2   0   0   0 -0.0071   1   1
   5   4   3   1   4   0   0   0 -0.4776   1   1
   5   4   3   2   4   0   0   0 -2.1269   1   1
   5   4   3   2   6   0   0   0  0.3997   1   1
   5   4   3   3   2   0   0   0 -0.8990   1   1
   5   5   1   1   0   0   0   0 -8.7364   1   1
   5   5   1   1   2   0   0   0  1.3428   1   1
   5   5   1   1   4   0   0   0 -4.5862   1   1
   5   5   1   1   6   0   0   0  1.9547   1   1
   5   5   1   2   2   0   0   0  1.3044   1   1
   5   5   1   2   4   0   0   0  3.9357   1   1
   5   5   1   2   6   0   0   0 -1.2997   1   1
   5   5   1   2   8   0   0   0  4.1653   1   1
   5   5   1   3   2   0   0   0 -0.1216   1   1
   5   5   1   3   4   0   0   0  1.2646   1   1
   5   5   2   1   2   0   0   0 -1.3044   1   1
   5   5   2   1   4   0   0   0 -3.9357   1   1
   5   5   2   1   6   0   0   0  1.2997   1   1
   5   5   2   1   8   0   0   0 -4.1653   1   1
   5   5   2   2   0   0   0   0-10.8579   1   1
   5   5   2   2   2   0   0   0  5.4383   1   1
   5   5   2   2   4   0   0   0 -5.6716   1   1
   5   5   2   2   6   0   0   0  2.9272   1   1
   5   5   2   2   8   0   0   0 -2.4900   1   1
   5   5   2   2  10   0   0   0  0.0275   1   1
   5   5   2   3   4   0   0   0 -2.4250   1   1
   5   5   2   3   6   0   0   0 -0.1233   1   1
   5   5   3   1   2   0   0   0  0.1216   1   1
   5   5   3   1   4   0   0   0 -1.2646   1   1
   5   5   3   2   4   0   0   0 -2.4250   1   1
   5   5   3   2   6   0   0   0 -0.1233   1   1
   5   5   3   3   0   0   0   0 -3.9770   1   1
   5   5   3   3   2   0   0   0  1.7147   1   1
   5   6   1   1   4   0   0   0 -1.2201   1   1
   5   6   1   1   6   0   0   0 -0.9224   1   1
   5   6   1   2   4   0   0   0  2.1269   1   1
   5   6   1   2   6   0   0   0 -0.3997   1   1
   5   6   1   3   4   0   0   0  2.2184   1   1
   5   6   2   1   4   0   0   0 -1.0423   1   1
   5   6   2   1   6   0   0   0  0.7005   1   1
   5   6   2   2   4   0   0   0 -2.4250   1   1
   5   6   2   2   6   0   0   0 -0.1233   1   1
   5   6   2   3   4   0   0   0 -1.5350   1   1
   5   6   2   3   6   0   0   0 -0.5321   1   1
   5   6   3   1   4   0   0   0 -4.1293   1   1
   5   6   3   2   4   0   0   0 -5.7889   1   1
   5   6   3   2   6   0   0   0  0.3437   1   1
   6   4   1   1   2   0   0   0 -0.0373   1   1
   6   4   1   1   4   0   0   0 -1.0541   1   1
   6   4   1   2   2   0   0   0  0.8702   1   1
   6   4   1   2   4   0   0   0  0.8630   1   1
   6   4   1   3   2   0   0   0 -0.6153   1   1
   6   4   1   3   4   0   0   0  3.8129   1   1
   6   4   2   1   2   0   0   0 -0.0071   1   1
   6   4   2   1   4   0   0   0 -0.4776   1   1
   6   4   2   2   2   0   0   0  0.1216   1   1
   6   4   2   2   4   0   0   0 -1.2646   1   1
   6   4   2   3   4   0   0   0 -4.1293   1   1
   6   4   3   1   2   0   0   0 -0.3636   1   1
   6   4   3   1   4   0   0   0 -0.8681   1   1
   6   4   3   2   4   0   0   0 -2.2184   1   1
   6   4   3   3   2   0   0   0  1.0092   1   1
   6   5   1   1   4   0   0   0 -1.2201   1   1
   6   5   1   1   6   0   0   0 -0.9224   1   1
   6   5   1   2   4   0   0   0  1.0423   1   1
   6   5   1   2   6   0   0   0 -0.7005   1   1
   6   5   1   3   4   0   0   0  4.1293   1   1
   6   5   2   1   4   0   0   0 -2.1269   1   1
   6   5   2   1   6   0   0   0  0.3997   1   1
   6   5   2   2   4   0   0   0 -2.4250   1   1
   6   5   2   2   6   0   0   0 -0.1233   1   1
   6   5   2   3   4   0   0   0 -5.7889   1   1
   6   5   2   3   6   0   0   0  0.3437   1   1
   6   5   3   1   4   0   0   0 -2.2184   1   1
   6   5   3   2   4   0   0   0 -1.5350   1   1
   6   5   3   2   6   0   0   0 -0.5321   1   1
   6   6   1   1   0   0   0   0 -3.3815   1   1
   6   6   1   1   2   0   0   0 -0.8439   1   1
   6   6   1   2   2   0   0   0  0.8990   1   1
   6   6   1   3   2   0   0   0 -1.0092   1   1
   6   6   2   1   2   0   0   0 -0.8990   1   1
   6   6   2   2   0   0   0   0 -3.9770   1   1
   6   6   2   2   2   0   0   0  1.7147   1   1
   6   6   3   1   2   0   0   0  1.0092   1   1
   6   6   3   3   0   0   0   0 -5.7401   1   1
   6   6   3   3   2   0   0   0  1.5651   1   1
