      1      1      1      1           6           0   1.0459713233162755     
      1      1      1      1           4           0  -3.7757796654465960     
      1      1      1      1           2           0   2.9499250124028582     
      1      1      1      1           0           0  -7.0307000000000013     
      1      1      1      2           6           0  -1.2144112160227765     
      1      1      1      2           4           0   1.9505512170847923     
      1      1      1      2           2           0  -1.6019182900282765     
      1      1      1      3           4           0   1.1770436375083102     
      1      1      1      3           2           0   4.1652255655675818E-002
      1      1      2      1           6           0  -1.2144112160227765     
      1      1      2      1           4           0   1.9505512170847923     
      1      1      2      1           2           0  -1.6019182900282765     
      1      1      2      2           8           0  -5.1940625697132274     
      1      1      2      2           6           0   1.7810581660854152     
      1      1      2      2           4           0  -2.1985498044452045     
      1      1      2      2           2           0  0.33888941898274938     
      1      1      2      3           4           0 -0.53332021052214018     
      1      1      2      3           2           0  -7.9760923151708518E-003
      1      1      3      1           4           0   1.1770436375083104     
      1      1      3      1           2           0   4.1652255655675818E-002
      1      1      3      2           4           0 -0.53332021052214018     
      1      1      3      2           2           0  -7.9760923151708518E-003
      1      1      3      3           4           0 -0.96937586730587011     
      1      1      3      3           2           0 -0.40602919585294850     
      1      2      1      1           6           0   1.2144112160227762     
      1      2      1      1           4           0  -1.9505512170847927     
      1      2      1      1           2           0   1.6019182900282771     
      1      2      1      2           6           0   2.1826512854212190     
      1      2      1      2           4           0  -5.1211320029296319     
      1      2      1      2           2           0   1.4994150286536347     
      1      2      1      2           0           0  -9.7552970247792388     
      1      2      1      3           6           0  -1.0299606915655128     
      1      2      1      3           4           0  -1.3624436837278413     
      1      2      2      1           8           0   7.6288419642857166     
      1      2      2      1           6           0  -2.5182416889057904     
      1      2      2      1           4           0   2.5581200637463151     
      1      2      2      1           2           0  -3.5130623613407059     
      1      2      2      2           8           0   4.6511357026541216     
      1      2      2      2           6           0  -1.4512406674060865     
      1      2      2      2           4           0   4.3947034232926274     
      1      2      2      2           2           0   1.4564806785752351     
      1      2      2      3           6           0 -0.44633178197449863     
      1      2      2      3           4           0   2.3749725409779936     
      1      2      3      1           4           0  0.96366507004497415     
      1      2      3      1           2           0  0.97166739179372219     
      1      2      3      2           4           0   1.4120704573701226     
      1      2      3      2           2           0 -0.13580704481923256     
      1      2      3      3           4           0   2.4771689768766287     
      1      3      1      1           4           0  -1.1770436375083104     
      1      3      1      1           2           0  -4.1652255655675763E-002
      1      3      1      2           6           0  -1.0299606915655126     
      1      3      1      2           4           0  -1.3624436837278417     
      1      3      1      3           2           0 -0.94235666018763786     
      1      3      1      3           0           0  -3.7758795008580455     
      1      3      2      1           4           0  0.96366507004497404     
      1      3      2      1           2           0  0.97166739179372197     
      1      3      2      2           6           0 -0.78215136580680089     
      1      3      2      2           4           0   1.1638289826974397     
      1      3      2      3           2           0   1.0038827184985304     
      1      3      3      1           4           0   4.2575852325584744     
      1      3      3      1           2           0 -0.68701795282219491     
      1      3      3      2           4           0   4.6108839730034408     
      1      3      3      3           2           0  -1.1268877561674011     
      2      1      1      1           6           0   1.2144112160227762     
      2      1      1      1           4           0  -1.9505512170847923     
      2      1      1      1           2           0   1.6019182900282771     
      2      1      1      2           8           0   7.6288419642857166     
      2      1      1      2           6           0  -2.5182416889057904     
      2      1      1      2           4           0   2.5581200637463151     
      2      1      1      2           2           0  -3.5130623613407055     
      2      1      1      3           4           0  0.96366507004497426     
      2      1      1      3           2           0  0.97166739179372219     
      2      1      2      1           6           0   2.1826512854212190     
      2      1      2      1           4           0  -5.1211320029296328     
      2      1      2      1           2           0   1.4994150286536361     
      2      1      2      1           0           0  -9.7552970247792370     
      2      1      2      2           8           0   4.6511357026541216     
      2      1      2      2           6           0  -1.4512406674060863     
      2      1      2      2           4           0   4.3947034232926274     
      2      1      2      2           2           0   1.4564806785752351     
      2      1      2      3           4           0   1.4120704573701226     
      2      1      2      3           2           0 -0.13580704481923256     
      2      1      3      1           6           0  -1.0299606915655128     
      2      1      3      1           4           0  -1.3624436837278413     
      2      1      3      2           6           0 -0.44633178197449863     
      2      1      3      2           4           0   2.3749725409779936     
      2      1      3      3           4           0   2.4771689768766287     
      2      2      1      1           8           0  -5.1940625697132274     
      2      2      1      1           6           0   1.7810581660854159     
      2      2      1      1           4           0  -2.1985498044452045     
      2      2      1      1           2           0  0.33888941898274916     
      2      2      1      2           8           0  -4.6511357026541216     
      2      2      1      2           6           0   1.4512406674060865     
      2      2      1      2           4           0  -4.3947034232926274     
      2      2      1      2           2           0  -1.4564806785752347     
      2      2      1      3           6           0  0.78215136580680034     
      2      2      1      3           4           0  -1.1638289826974391     
      2      2      2      1           8           0  -4.6511357026541216     
      2      2      2      1           6           0   1.4512406674060867     
      2      2      2      1           4           0  -4.3947034232926274     
      2      2      2      1           2           0  -1.4564806785752342     
      2      2      2      2          10           0   3.0755114325803676E-002
      2      2      2      2           8           0  -2.7804095238095248     
      2      2      2      2           6           0   3.2686031657417534     
      2      2      2      2           4           0  -6.3330982053024059     
      2      2      2      2           2           0   6.0725618834754940     
      2      2      2      2           0           0  -12.124233333333333     
      2      2      2      3           6           0 -0.13766413144694423     
      2      2      2      3           4           0  -2.7078528259329309     
      2      2      3      1           6           0  0.78215136580680034     
      2      2      3      1           4           0  -1.1638289826974391     
      2      2      3      2           6           0 -0.13766413144694423     
      2      2      3      2           4           0  -2.7078528259329309     
      2      2      3      3           6           0 -0.59414506962374003     
      2      2      3      3           4           0  -1.7140495197752608     
      2      3      1      1           4           0 -0.53332021052214040     
      2      3      1      1           2           0  -7.9760923151708518E-003
      2      3      1      2           6           0  0.44633178197449852     
      2      3      1      2           4           0  -2.3749725409779936     
      2      3      1      3           2           0  -1.0038827184985304     
      2      3      2      1           4           0  -1.4120704573701230     
      2      3      2      1           2           0  0.13580704481923234     
      2      3      2      2           6           0 -0.13766413144694511     
      2      3      2      2           4           0  -2.7078528259329313     
      2      3      2      3           2           0   1.9147281418759337     
      2      3      2      3           0           0  -4.4408194992825738     
      2      3      3      1           4           0  -4.6108839730034408     
      2      3      3      2           6           0  0.38383237145269555     
      2      3      3      2           4           0  -6.4640812110558290     
      3      1      1      1           4           0  -1.1770436375083104     
      3      1      1      1           2           0  -4.1652255655675763E-002
      3      1      1      2           4           0  0.96366507004497404     
      3      1      1      2           2           0  0.97166739179372197     
      3      1      1      3           4           0   4.2575852325584744     
      3      1      1      3           2           0 -0.68701795282219491     
      3      1      2      1           6           0  -1.0299606915655126     
      3      1      2      1           4           0  -1.3624436837278417     
      3      1      2      2           6           0 -0.78215136580680089     
      3      1      2      2           4           0   1.1638289826974397     
      3      1      2      3           4           0   4.6108839730034408     
      3      1      3      1           2           0 -0.94235666018763786     
      3      1      3      1           0           0  -3.7758795008580455     
      3      1      3      2           2           0   1.0038827184985304     
      3      1      3      3           2           0  -1.1268877561674011     
      3      2      1      1           4           0 -0.53332021052214040     
      3      2      1      1           2           0  -7.9760923151708518E-003
      3      2      1      2           4           0  -1.4120704573701230     
      3      2      1      2           2           0  0.13580704481923234     
      3      2      1      3           4           0  -4.6108839730034408     
      3      2      2      1           6           0  0.44633178197449852     
      3      2      2      1           4           0  -2.3749725409779940     
      3      2      2      2           6           0 -0.13766413144694511     
      3      2      2      2           4           0  -2.7078528259329318     
      3      2      2      3           6           0  0.38383237145269555     
      3      2      2      3           4           0  -6.4640812110558290     
      3      2      3      1           2           0  -1.0038827184985304     
      3      2      3      2           2           0   1.9147281418759339     
      3      2      3      2           0           0  -4.4408194992825738     
      3      3      1      1           4           0 -0.96937586730587000     
      3      3      1      1           2           0 -0.40602919585294850     
      3      3      1      2           4           0  -2.4771689768766283     
      3      3      1      3           2           0   1.1268877561674011     
      3      3      2      1           4           0  -2.4771689768766283     
      3      3      2      2           6           0 -0.59414506962373981     
      3      3      2      2           4           0  -1.7140495197752608     
      3      3      3      1           2           0   1.1268877561674011     
      3      3      3      3           2           0   1.7476392648369974     
      3      3      3      3           0           0  -6.4096000000000011     
      1      1      1      1           6           0   1.0459713233162755     
      1      1      1      1           4           0  -3.7757796654465960     
      1      1      1      1           2           0   2.9499250124028582     
      1      1      1      1           0           0  -7.0307000000000013     
      1      1      1      2           6           0  -1.2144112160227765     
      1      1      1      2           4           0   1.9505512170847923     
      1      1      1      2           2           0  -1.6019182900282765     
      1      1      1      3           4           0   1.1770436375083102     
      1      1      1      3           2           0   4.1652255655675818E-002
      1      1      2      1           6           0  -1.2144112160227765     
      1      1      2      1           4           0   1.9505512170847923     
      1      1      2      1           2           0  -1.6019182900282765     
      1      1      2      2           8           0  -5.1940625697132274     
      1      1      2      2           6           0   1.7810581660854152     
      1      1      2      2           4           0  -2.1985498044452045     
      1      1      2      2           2           0  0.33888941898274938     
      1      1      2      3           4           0 -0.53332021052214018     
      1      1      2      3           2           0  -7.9760923151708518E-003
      1      1      3      1           4           0   1.1770436375083104     
      1      1      3      1           2           0   4.1652255655675818E-002
      1      1      3      2           4           0 -0.53332021052214018     
      1      1      3      2           2           0  -7.9760923151708518E-003
      1      1      3      3           4           0 -0.96937586730587011     
      1      1      3      3           2           0 -0.40602919585294850     
      1      2      1      1           6           0   1.2144112160227762     
      1      2      1      1           4           0  -1.9505512170847927     
      1      2      1      1           2           0   1.6019182900282771     
      1      2      1      2           6           0   2.1826512854212190     
      1      2      1      2           4           0  -5.1211320029296319     
      1      2      1      2           2           0   1.4994150286536347     
      1      2      1      2           0           0  -9.7552970247792388     
      1      2      1      3           6           0  -1.0299606915655128     
      1      2      1      3           4           0  -1.3624436837278413     
      1      2      2      1           8           0   7.6288419642857166     
      1      2      2      1           6           0  -2.5182416889057904     
      1      2      2      1           4           0   2.5581200637463151     
      1      2      2      1           2           0  -3.5130623613407059     
      1      2      2      2           8           0   4.6511357026541216     
      1      2      2      2           6           0  -1.4512406674060865     
      1      2      2      2           4           0   4.3947034232926274     
      1      2      2      2           2           0   1.4564806785752351     
      1      2      2      3           6           0 -0.44633178197449863     
      1      2      2      3           4           0   2.3749725409779936     
      1      2      3      1           4           0  0.96366507004497415     
      1      2      3      1           2           0  0.97166739179372219     
      1      2      3      2           4           0   1.4120704573701226     
      1      2      3      2           2           0 -0.13580704481923256     
      1      2      3      3           4           0   2.4771689768766287     
      1      3      1      1           4           0  -1.1770436375083104     
      1      3      1      1           2           0  -4.1652255655675763E-002
      1      3      1      2           6           0  -1.0299606915655126     
      1      3      1      2           4           0  -1.3624436837278417     
      1      3      1      3           2           0 -0.94235666018763786     
      1      3      1      3           0           0  -3.7758795008580455     
      1      3      2      1           4           0  0.96366507004497404     
      1      3      2      1           2           0  0.97166739179372197     
      1      3      2      2           6           0 -0.78215136580680089     
      1      3      2      2           4           0   1.1638289826974397     
      1      3      2      3           2           0   1.0038827184985304     
      1      3      3      1           4           0   4.2575852325584744     
      1      3      3      1           2           0 -0.68701795282219491     
      1      3      3      2           4           0   4.6108839730034408     
      1      3      3      3           2           0  -1.1268877561674011     
      2      1      1      1           6           0   1.2144112160227762     
      2      1      1      1           4           0  -1.9505512170847923     
      2      1      1      1           2           0   1.6019182900282771     
      2      1      1      2           8           0   7.6288419642857166     
      2      1      1      2           6           0  -2.5182416889057904     
      2      1      1      2           4           0   2.5581200637463151     
      2      1      1      2           2           0  -3.5130623613407055     
      2      1      1      3           4           0  0.96366507004497426     
      2      1      1      3           2           0  0.97166739179372219     
      2      1      2      1           6           0   2.1826512854212190     
      2      1      2      1           4           0  -5.1211320029296328     
      2      1      2      1           2           0   1.4994150286536361     
      2      1      2      1           0           0  -9.7552970247792370     
      2      1      2      2           8           0   4.6511357026541216     
      2      1      2      2           6           0  -1.4512406674060863     
      2      1      2      2           4           0   4.3947034232926274     
      2      1      2      2           2           0   1.4564806785752351     
      2      1      2      3           4           0   1.4120704573701226     
      2      1      2      3           2           0 -0.13580704481923256     
      2      1      3      1           6           0  -1.0299606915655128     
      2      1      3      1           4           0  -1.3624436837278413     
      2      1      3      2           6           0 -0.44633178197449863     
      2      1      3      2           4           0   2.3749725409779936     
      2      1      3      3           4           0   2.4771689768766287     
      2      2      1      1           8           0  -5.1940625697132274     
      2      2      1      1           6           0   1.7810581660854159     
      2      2      1      1           4           0  -2.1985498044452045     
      2      2      1      1           2           0  0.33888941898274916     
      2      2      1      2           8           0  -4.6511357026541216     
      2      2      1      2           6           0   1.4512406674060865     
      2      2      1      2           4           0  -4.3947034232926274     
      2      2      1      2           2           0  -1.4564806785752347     
      2      2      1      3           6           0  0.78215136580680034     
      2      2      1      3           4           0  -1.1638289826974391     
      2      2      2      1           8           0  -4.6511357026541216     
      2      2      2      1           6           0   1.4512406674060867     
      2      2      2      1           4           0  -4.3947034232926274     
      2      2      2      1           2           0  -1.4564806785752342     
      2      2      2      2          10           0   3.0755114325803676E-002
      2      2      2      2           8           0  -2.7804095238095248     
      2      2      2      2           6           0   3.2686031657417534     
      2      2      2      2           4           0  -6.3330982053024059     
      2      2      2      2           2           0   6.0725618834754940     
      2      2      2      2           0           0  -12.124233333333333     
      2      2      2      3           6           0 -0.13766413144694423     
      2      2      2      3           4           0  -2.7078528259329309     
      2      2      3      1           6           0  0.78215136580680034     
      2      2      3      1           4           0  -1.1638289826974391     
      2      2      3      2           6           0 -0.13766413144694423     
      2      2      3      2           4           0  -2.7078528259329309     
      2      2      3      3           6           0 -0.59414506962374003     
      2      2      3      3           4           0  -1.7140495197752608     
      2      3      1      1           4           0 -0.53332021052214040     
      2      3      1      1           2           0  -7.9760923151708518E-003
      2      3      1      2           6           0  0.44633178197449852     
      2      3      1      2           4           0  -2.3749725409779936     
      2      3      1      3           2           0  -1.0038827184985304     
      2      3      2      1           4           0  -1.4120704573701230     
      2      3      2      1           2           0  0.13580704481923234     
      2      3      2      2           6           0 -0.13766413144694511     
      2      3      2      2           4           0  -2.7078528259329313     
      2      3      2      3           2           0   1.9147281418759337     
      2      3      2      3           0           0  -4.4408194992825738     
      2      3      3      1           4           0  -4.6108839730034408     
      2      3      3      2           6           0  0.38383237145269555     
      2      3      3      2           4           0  -6.4640812110558290     
      3      1      1      1           4           0  -1.1770436375083104     
      3      1      1      1           2           0  -4.1652255655675763E-002
      3      1      1      2           4           0  0.96366507004497404     
      3      1      1      2           2           0  0.97166739179372197     
      3      1      1      3           4           0   4.2575852325584744     
      3      1      1      3           2           0 -0.68701795282219491     
      3      1      2      1           6           0  -1.0299606915655126     
      3      1      2      1           4           0  -1.3624436837278417     
      3      1      2      2           6           0 -0.78215136580680089     
      3      1      2      2           4           0   1.1638289826974397     
      3      1      2      3           4           0   4.6108839730034408     
      3      1      3      1           2           0 -0.94235666018763786     
      3      1      3      1           0           0  -3.7758795008580455     
      3      1      3      2           2           0   1.0038827184985304     
      3      1      3      3           2           0  -1.1268877561674011     
      3      2      1      1           4           0 -0.53332021052214040     
      3      2      1      1           2           0  -7.9760923151708518E-003
      3      2      1      2           4           0  -1.4120704573701230     
      3      2      1      2           2           0  0.13580704481923234     
      3      2      1      3           4           0  -4.6108839730034408     
      3      2      2      1           6           0  0.44633178197449852     
      3      2      2      1           4           0  -2.3749725409779940     
      3      2      2      2           6           0 -0.13766413144694511     
      3      2      2      2           4           0  -2.7078528259329318     
      3      2      2      3           6           0  0.38383237145269555     
      3      2      2      3           4           0  -6.4640812110558290     
      3      2      3      1           2           0  -1.0038827184985304     
      3      2      3      2           2           0   1.9147281418759339     
      3      2      3      2           0           0  -4.4408194992825738     
      3      3      1      1           4           0 -0.96937586730587000     
      3      3      1      1           2           0 -0.40602919585294850     
      3      3      1      2           4           0  -2.4771689768766283     
      3      3      1      3           2           0   1.1268877561674011     
      3      3      2      1           4           0  -2.4771689768766283     
      3      3      2      2           6           0 -0.59414506962373981     
      3      3      2      2           4           0  -1.7140495197752608     
      3      3      3      1           2           0   1.1268877561674011     
      3      3      3      3           2           0   1.7476392648369974     
      3      3      3      3           0           0  -6.4096000000000011     
         336          10
   1   1   4   4   0   0   0   0 -7.0307   1   1
   1   1   4   4   2   0   0   0  2.9499   1   1
   1   1   4   4   4   0   0   0 -3.7758   1   1
   1   1   4   4   6   0   0   0  1.0460   1   1
   1   1   4   5   2   0   0   0 -1.6019   1   1
   1   1   4   5   4   0   0   0  1.9506   1   1
   1   1   4   5   6   0   0   0 -1.2144   1   1
   1   1   4   6   2   0   0   0  0.0417   1   1
   1   1   4   6   4   0   0   0  1.1770   1   1
   1   1   5   4   2   0   0   0  1.6019   1   1
   1   1   5   4   4   0   0   0 -1.9506   1   1
   1   1   5   4   6   0   0   0  1.2144   1   1
   1   1   5   5   0   0   0   0 -9.7553   1   1
   1   1   5   5   2   0   0   0  1.4994   1   1
   1   1   5   5   4   0   0   0 -5.1211   1   1
   1   1   5   5   6   0   0   0  2.1827   1   1
   1   1   5   6   4   0   0   0 -1.3624   1   1
   1   1   5   6   6   0   0   0 -1.0300   1   1
   1   1   6   4   2   0   0   0 -0.0417   1   1
   1   1   6   4   4   0   0   0 -1.1770   1   1
   1   1   6   5   4   0   0   0 -1.3624   1   1
   1   1   6   5   6   0   0   0 -1.0300   1   1
   1   1   6   6   0   0   0   0 -3.7759   1   1
   1   1   6   6   2   0   0   0 -0.9424   1   1
   1   2   4   4   2   0   0   0 -1.6019   1   1
   1   2   4   4   4   0   0   0  1.9506   1   1
   1   2   4   4   6   0   0   0 -1.2144   1   1
   1   2   4   5   2   0   0   0  0.3389   1   1
   1   2   4   5   4   0   0   0 -2.1985   1   1
   1   2   4   5   6   0   0   0  1.7811   1   1
   1   2   4   5   8   0   0   0 -5.1941   1   1
   1   2   4   6   2   0   0   0 -0.0080   1   1
   1   2   4   6   4   0   0   0 -0.5333   1   1
   1   2   5   4   2   0   0   0 -3.5131   1   1
   1   2   5   4   4   0   0   0  2.5581   1   1
   1   2   5   4   6   0   0   0 -2.5182   1   1
   1   2   5   4   8   0   0   0  7.6288   1   1
   1   2   5   5   2   0   0   0  1.4565   1   1
   1   2   5   5   4   0   0   0  4.3947   1   1
   1   2   5   5   6   0   0   0 -1.4512   1   1
   1   2   5   5   8   0   0   0  4.6511   1   1
   1   2   5   6   4   0   0   0  2.3750   1   1
   1   2   5   6   6   0   0   0 -0.4463   1   1
   1   2   6   4   2   0   0   0  0.9717   1   1
   1   2   6   4   4   0   0   0  0.9637   1   1
   1   2   6   5   4   0   0   0  1.1638   1   1
   1   2   6   5   6   0   0   0 -0.7822   1   1
   1   2   6   6   2   0   0   0  1.0039   1   1
   1   3   4   4   2   0   0   0  0.0417   1   1
   1   3   4   4   4   0   0   0  1.1770   1   1
   1   3   4   5   2   0   0   0 -0.0080   1   1
   1   3   4   5   4   0   0   0 -0.5333   1   1
   1   3   4   6   2   0   0   0 -0.4060   1   1
   1   3   4   6   4   0   0   0 -0.9694   1   1
   1   3   5   4   2   0   0   0  0.9717   1   1
   1   3   5   4   4   0   0   0  0.9637   1   1
   1   3   5   5   2   0   0   0 -0.1358   1   1
   1   3   5   5   4   0   0   0  1.4121   1   1
   1   3   5   6   4   0   0   0  2.4772   1   1
   1   3   6   4   2   0   0   0 -0.6870   1   1
   1   3   6   4   4   0   0   0  4.2576   1   1
   1   3   6   5   4   0   0   0  4.6109   1   1
   1   3   6   6   2   0   0   0 -1.1269   1   1
   2   1   4   4   2   0   0   0  1.6019   1   1
   2   1   4   4   4   0   0   0 -1.9506   1   1
   2   1   4   4   6   0   0   0  1.2144   1   1
   2   1   4   5   2   0   0   0 -3.5131   1   1
   2   1   4   5   4   0   0   0  2.5581   1   1
   2   1   4   5   6   0   0   0 -2.5182   1   1
   2   1   4   5   8   0   0   0  7.6288   1   1
   2   1   4   6   2   0   0   0  0.9717   1   1
   2   1   4   6   4   0   0   0  0.9637   1   1
   2   1   5   4   2   0   0   0  0.3389   1   1
   2   1   5   4   4   0   0   0 -2.1985   1   1
   2   1   5   4   6   0   0   0  1.7811   1   1
   2   1   5   4   8   0   0   0 -5.1941   1   1
   2   1   5   5   2   0   0   0 -1.4565   1   1
   2   1   5   5   4   0   0   0 -4.3947   1   1
   2   1   5   5   6   0   0   0  1.4512   1   1
   2   1   5   5   8   0   0   0 -4.6511   1   1
   2   1   5   6   4   0   0   0 -1.1638   1   1
   2   1   5   6   6   0   0   0  0.7822   1   1
   2   1   6   4   2   0   0   0 -0.0080   1   1
   2   1   6   4   4   0   0   0 -0.5333   1   1
   2   1   6   5   4   0   0   0 -2.3750   1   1
   2   1   6   5   6   0   0   0  0.4463   1   1
   2   1   6   6   2   0   0   0 -1.0039   1   1
   2   2   4   4   0   0   0   0 -9.7553   1   1
   2   2   4   4   2   0   0   0  1.4994   1   1
   2   2   4   4   4   0   0   0 -5.1211   1   1
   2   2   4   4   6   0   0   0  2.1827   1   1
   2   2   4   5   2   0   0   0  1.4565   1   1
   2   2   4   5   4   0   0   0  4.3947   1   1
   2   2   4   5   6   0   0   0 -1.4512   1   1
   2   2   4   5   8   0   0   0  4.6511   1   1
   2   2   4   6   2   0   0   0 -0.1358   1   1
   2   2   4   6   4   0   0   0  1.4121   1   1
   2   2   5   4   2   0   0   0 -1.4565   1   1
   2   2   5   4   4   0   0   0 -4.3947   1   1
   2   2   5   4   6   0   0   0  1.4512   1   1
   2   2   5   4   8   0   0   0 -4.6511   1   1
   2   2   5   5   0   0   0   0-12.1242   1   1
   2   2   5   5   2   0   0   0  6.0726   1   1
   2   2   5   5   4   0   0   0 -6.3331   1   1
   2   2   5   5   6   0   0   0  3.2686   1   1
   2   2   5   5   8   0   0   0 -2.7804   1   1
   2   2   5   5  10   0   0   0  0.0308   1   1
   2   2   5   6   4   0   0   0 -2.7079   1   1
   2   2   5   6   6   0   0   0 -0.1377   1   1
   2   2   6   4   2   0   0   0  0.1358   1   1
   2   2   6   4   4   0   0   0 -1.4121   1   1
   2   2   6   5   4   0   0   0 -2.7079   1   1
   2   2   6   5   6   0   0   0 -0.1377   1   1
   2   2   6   6   0   0   0   0 -4.4408   1   1
   2   2   6   6   2   0   0   0  1.9147   1   1
   2   3   4   4   4   0   0   0 -1.3624   1   1
   2   3   4   4   6   0   0   0 -1.0300   1   1
   2   3   4   5   4   0   0   0  2.3750   1   1
   2   3   4   5   6   0   0   0 -0.4463   1   1
   2   3   4   6   4   0   0   0  2.4772   1   1
   2   3   5   4   4   0   0   0 -1.1638   1   1
   2   3   5   4   6   0   0   0  0.7822   1   1
   2   3   5   5   4   0   0   0 -2.7079   1   1
   2   3   5   5   6   0   0   0 -0.1377   1   1
   2   3   5   6   4   0   0   0 -1.7140   1   1
   2   3   5   6   6   0   0   0 -0.5941   1   1
   2   3   6   4   4   0   0   0 -4.6109   1   1
   2   3   6   5   4   0   0   0 -6.4641   1   1
   2   3   6   5   6   0   0   0  0.3838   1   1
   3   1   4   4   2   0   0   0 -0.0417   1   1
   3   1   4   4   4   0   0   0 -1.1770   1   1
   3   1   4   5   2   0   0   0  0.9717   1   1
   3   1   4   5   4   0   0   0  0.9637   1   1
   3   1   4   6   2   0   0   0 -0.6870   1   1
   3   1   4   6   4   0   0   0  4.2576   1   1
   3   1   5   4   2   0   0   0 -0.0080   1   1
   3   1   5   4   4   0   0   0 -0.5333   1   1
   3   1   5   5   2   0   0   0  0.1358   1   1
   3   1   5   5   4   0   0   0 -1.4121   1   1
   3   1   5   6   4   0   0   0 -4.6109   1   1
   3   1   6   4   2   0   0   0 -0.4060   1   1
   3   1   6   4   4   0   0   0 -0.9694   1   1
   3   1   6   5   4   0   0   0 -2.4772   1   1
   3   1   6   6   2   0   0   0  1.1269   1   1
   3   2   4   4   4   0   0   0 -1.3624   1   1
   3   2   4   4   6   0   0   0 -1.0300   1   1
   3   2   4   5   4   0   0   0  1.1638   1   1
   3   2   4   5   6   0   0   0 -0.7822   1   1
   3   2   4   6   4   0   0   0  4.6109   1   1
   3   2   5   4   4   0   0   0 -2.3750   1   1
   3   2   5   4   6   0   0   0  0.4463   1   1
   3   2   5   5   4   0   0   0 -2.7079   1   1
   3   2   5   5   6   0   0   0 -0.1377   1   1
   3   2   5   6   4   0   0   0 -6.4641   1   1
   3   2   5   6   6   0   0   0  0.3838   1   1
   3   2   6   4   4   0   0   0 -2.4772   1   1
   3   2   6   5   4   0   0   0 -1.7140   1   1
   3   2   6   5   6   0   0   0 -0.5941   1   1
   3   3   4   4   0   0   0   0 -3.7759   1   1
   3   3   4   4   2   0   0   0 -0.9424   1   1
   3   3   4   5   2   0   0   0  1.0039   1   1
   3   3   4   6   2   0   0   0 -1.1269   1   1
   3   3   5   4   2   0   0   0 -1.0039   1   1
   3   3   5   5   0   0   0   0 -4.4408   1   1
   3   3   5   5   2   0   0   0  1.9147   1   1
   3   3   6   4   2   0   0   0  1.1269   1   1
   3   3   6   6   0   0   0   0 -6.4096   1   1
   3   3   6   6   2   0   0   0  1.7476   1   1
   4   4   1   1   0   0   0   0 -7.0307   1   1
   4   4   1   1   2   0   0   0  2.9499   1   1
   4   4   1   1   4   0   0   0 -3.7758   1   1
   4   4   1   1   6   0   0   0  1.0460   1   1
   4   4   1   2   2   0   0   0 -1.6019   1   1
   4   4   1   2   4   0   0   0  1.9506   1   1
   4   4   1   2   6   0   0   0 -1.2144   1   1
   4   4   1   3   2   0   0   0  0.0417   1   1
   4   4   1   3   4   0   0   0  1.1770   1   1
   4   4   2   1   2   0   0   0  1.6019   1   1
   4   4   2   1   4   0   0   0 -1.9506   1   1
   4   4   2   1   6   0   0   0  1.2144   1   1
   4   4   2   2   0   0   0   0 -9.7553   1   1
   4   4   2   2   2   0   0   0  1.4994   1   1
   4   4   2   2   4   0   0   0 -5.1211   1   1
   4   4   2   2   6   0   0   0  2.1827   1   1
   4   4   2   3   4   0   0   0 -1.3624   1   1
   4   4   2   3   6   0   0   0 -1.0300   1   1
   4   4   3   1   2   0   0   0 -0.0417   1   1
   4   4   3   1   4   0   0   0 -1.1770   1   1
   4   4   3   2   4   0   0   0 -1.3624   1   1
   4   4   3   2   6   0   0   0 -1.0300   1   1
   4   4   3   3   0   0   0   0 -3.7759   1   1
   4   4   3   3   2   0   0   0 -0.9424   1   1
   4   5   1   1   2   0   0   0 -1.6019   1   1
   4   5   1   1   4   0   0   0  1.9506   1   1
   4   5   1   1   6   0   0   0 -1.2144   1   1
   4   5   1   2   2   0   0   0  0.3389   1   1
   4   5   1   2   4   0   0   0 -2.1985   1   1
   4   5   1   2   6   0   0   0  1.7811   1   1
   4   5   1   2   8   0   0   0 -5.1941   1   1
   4   5   1   3   2   0   0   0 -0.0080   1   1
   4   5   1   3   4   0   0   0 -0.5333   1   1
   4   5   2   1   2   0   0   0 -3.5131   1   1
   4   5   2   1   4   0   0   0  2.5581   1   1
   4   5   2   1   6   0   0   0 -2.5182   1   1
   4   5   2   1   8   0   0   0  7.6288   1   1
   4   5   2   2   2   0   0   0  1.4565   1   1
   4   5   2   2   4   0   0   0  4.3947   1   1
   4   5   2   2   6   0   0   0 -1.4512   1   1
   4   5   2   2   8   0   0   0  4.6511   1   1
   4   5   2   3   4   0   0   0  2.3750   1   1
   4   5   2   3   6   0   0   0 -0.4463   1   1
   4   5   3   1   2   0   0   0  0.9717   1   1
   4   5   3   1   4   0   0   0  0.9637   1   1
   4   5   3   2   4   0   0   0  1.1638   1   1
   4   5   3   2   6   0   0   0 -0.7822   1   1
   4   5   3   3   2   0   0   0  1.0039   1   1
   4   6   1   1   2   0   0   0  0.0417   1   1
   4   6   1   1   4   0   0   0  1.1770   1   1
   4   6   1   2   2   0   0   0 -0.0080   1   1
   4   6   1   2   4   0   0   0 -0.5333   1   1
   4   6   1   3   2   0   0   0 -0.4060   1   1
   4   6   1   3   4   0   0   0 -0.9694   1   1
   4   6   2   1   2   0   0   0  0.9717   1   1
   4   6   2   1   4   0   0   0  0.9637   1   1
   4   6   2   2   2   0   0   0 -0.1358   1   1
   4   6   2   2   4   0   0   0  1.4121   1   1
   4   6   2   3   4   0   0   0  2.4772   1   1
   4   6   3   1   2   0   0   0 -0.6870   1   1
   4   6   3   1   4   0   0   0  4.2576   1   1
   4   6   3   2   4   0   0   0  4.6109   1   1
   4   6   3   3   2   0   0   0 -1.1269   1   1
   5   4   1   1   2   0   0   0  1.6019   1   1
   5   4   1   1   4   0   0   0 -1.9506   1   1
   5   4   1   1   6   0   0   0  1.2144   1   1
   5   4   1   2   2   0   0   0 -3.5131   1   1
   5   4   1   2   4   0   0   0  2.5581   1   1
   5   4   1   2   6   0   0   0 -2.5182   1   1
   5   4   1   2   8   0   0   0  7.6288   1   1
   5   4   1   3   2   0   0   0  0.9717   1   1
   5   4   1   3   4   0   0   0  0.9637   1   1
   5   4   2   1   2   0   0   0  0.3389   1   1
   5   4   2   1   4   0   0   0 -2.1985   1   1
   5   4   2   1   6   0   0   0  1.7811   1   1
   5   4   2   1   8   0   0   0 -5.1941   1   1
   5   4   2   2   2   0   0   0 -1.4565   1   1
   5   4   2   2   4   0   0   0 -4.3947   1   1
   5   4   2   2   6   0   0   0  1.4512   1   1
   5   4   2   2   8   0   0   0 -4.6511   1   1
   5   4   2   3   4   0   0   0 -1.1638   1   1
   5   4   2   3   6   0   0   0  0.7822   1   1
   5   4   3   1   2   0   0   0 -0.0080   1   1
   5   4   3   1   4   0   0   0 -0.5333   1   1
   5   4   3   2   4   0   0   0 -2.3750   1   1
   5   4   3   2   6   0   0   0  0.4463   1   1
   5   4   3   3   2   0   0   0 -1.0039   1   1
   5   5   1   1   0   0   0   0 -9.7553   1   1
   5   5   1   1   2   0   0   0  1.4994   1   1
   5   5   1   1   4   0   0   0 -5.1211   1   1
   5   5   1   1   6   0   0   0  2.1827   1   1
   5   5   1   2   2   0   0   0  1.4565   1   1
   5   5   1   2   4   0   0   0  4.3947   1   1
   5   5   1   2   6   0   0   0 -1.4512   1   1
   5   5   1   2   8   0   0   0  4.6511   1   1
   5   5   1   3   2   0   0   0 -0.1358   1   1
   5   5   1   3   4   0   0   0  1.4121   1   1
   5   5   2   1   2   0   0   0 -1.4565   1   1
   5   5   2   1   4   0   0   0 -4.3947   1   1
   5   5   2   1   6   0   0   0  1.4512   1   1
   5   5   2   1   8   0   0   0 -4.6511   1   1
   5   5   2   2   0   0   0   0-12.1242   1   1
   5   5   2   2   2   0   0   0  6.0726   1   1
   5   5   2   2   4   0   0   0 -6.3331   1   1
   5   5   2   2   6   0   0   0  3.2686   1   1
   5   5   2   2   8   0   0   0 -2.7804   1   1
   5   5   2   2  10   0   0   0  0.0308   1   1
   5   5   2   3   4   0   0   0 -2.7079   1   1
   5   5   2   3   6   0   0   0 -0.1377   1   1
   5   5   3   1   2   0   0   0  0.1358   1   1
   5   5   3   1   4   0   0   0 -1.4121   1   1
   5   5   3   2   4   0   0   0 -2.7079   1   1
   5   5   3   2   6   0   0   0 -0.1377   1   1
   5   5   3   3   0   0   0   0 -4.4408   1   1
   5   5   3   3   2   0   0   0  1.9147   1   1
   5   6   1   1   4   0   0   0 -1.3624   1   1
   5   6   1   1   6   0   0   0 -1.0300   1   1
   5   6   1   2   4   0   0   0  2.3750   1   1
   5   6   1   2   6   0   0   0 -0.4463   1   1
   5   6   1   3   4   0   0   0  2.4772   1   1
   5   6   2   1   4   0   0   0 -1.1638   1   1
   5   6   2   1   6   0   0   0  0.7822   1   1
   5   6   2   2   4   0   0   0 -2.7079   1   1
   5   6   2   2   6   0   0   0 -0.1377   1   1
   5   6   2   3   4   0   0   0 -1.7140   1   1
   5   6   2   3   6   0   0   0 -0.5941   1   1
   5   6   3   1   4   0   0   0 -4.6109   1   1
   5   6   3   2   4   0   0   0 -6.4641   1   1
   5   6   3   2   6   0   0   0  0.3838   1   1
   6   4   1   1   2   0   0   0 -0.0417   1   1
   6   4   1   1   4   0   0   0 -1.1770   1   1
   6   4   1   2   2   0   0   0  0.9717   1   1
   6   4   1   2   4   0   0   0  0.9637   1   1
   6   4   1   3   2   0   0   0 -0.6870   1   1
   6   4   1   3   4   0   0   0  4.2576   1   1
   6   4   2   1   2   0   0   0 -0.0080   1   1
   6   4   2   1   4   0   0   0 -0.5333   1   1
   6   4   2   2   2   0   0   0  0.1358   1   1
   6   4   2   2   4   0   0   0 -1.4121   1   1
   6   4   2   3   4   0   0   0 -4.6109   1   1
   6   4   3   1   2   0   0   0 -0.4060   1   1
   6   4   3   1   4   0   0   0 -0.9694   1   1
   6   4   3   2   4   0   0   0 -2.4772   1   1
   6   4   3   3   2   0   0   0  1.1269   1   1
   6   5   1   1   4   0   0   0 -1.3624   1   1
   6   5   1   1   6   0   0   0 -1.0300   1   1
   6   5   1   2   4   0   0   0  1.1638   1   1
   6   5   1   2   6   0   0   0 -0.7822   1   1
   6   5   1   3   4   0   0   0  4.6109   1   1
   6   5   2   1   4   0   0   0 -2.3750   1   1
   6   5   2   1   6   0   0   0  0.4463   1   1
   6   5   2   2   4   0   0   0 -2.7079   1   1
   6   5   2   2   6   0   0   0 -0.1377   1   1
   6   5   2   3   4   0   0   0 -6.4641   1   1
   6   5   2   3   6   0   0   0  0.3838   1   1
   6   5   3   1   4   0   0   0 -2.4772   1   1
   6   5   3   2   4   0   0   0 -1.7140   1   1
   6   5   3   2   6   0   0   0 -0.5941   1   1
   6   6   1   1   0   0   0   0 -3.7759   1   1
   6   6   1   1   2   0   0   0 -0.9424   1   1
   6   6   1   2   2   0   0   0  1.0039   1   1
   6   6   1   3   2   0   0   0 -1.1269   1   1
   6   6   2   1   2   0   0   0 -1.0039   1   1
   6   6   2   2   0   0   0   0 -4.4408   1   1
   6   6   2   2   2   0   0   0  1.9147   1   1
   6   6   3   1   2   0   0   0  1.1269   1   1
   6   6   3   3   0   0   0   0 -6.4096   1   1
   6   6   3   3   2   0   0   0  1.7476   1   1
