 ! Total Interaction
  63
   1   1   1   1     1     0  -1.6582
   1   1   1   2     1     0  -0.1922
   1   2   1   2     1     0  -6.0099
   1   1   2   2     1     0   1.6647
   1   2   2   2     1     0  -3.4987
   2   2   2   2     1     0  -1.3796
   1   3   2   2     1     0   0.0272
   1   1   1   3     1     0  -0.8493
   1   2   1   3     1     0  -1.6231
   1   3   1   3     1     0  -4.0460
   1   1   3   3     1     0   0.1574
   1   2   3   3     1     0  -2.0226
   2   2   3   3     1     0  -0.5344
   1   3   3   3     1     0  -0.9201
   3   3   3   3     1     0  -3.7093
   1   2   1   2     2     0  -4.2117
   1   2   1   3     2     0  -0.4429
   1   3   1   3     2     0  -1.8504
   1   2   2   3     2     0  -0.6464
   1   3   2   3     2     0  -2.5110
   2   3   2   3     2     0  -0.3154
   1   1   1   1     3     0  -2.9660
   1   1   1   2     3     0  -1.4300
   1   2   1   2     3     0  -1.2124
   1   1   2   2     3     0   1.1792
   1   2   2   2     3     0  -2.3102
   2   2   2   2     3     0  -1.6651
   1   1   2   3     3     0   0.0968
   1   2   2   3     3     0  -1.2526
   2   2   2   3     3     0  -1.2167
   2   3   2   3     3     0  -4.1823
   1   2   1   2     4     0  -4.6189
   2   2   2   2     5     0  -4.3205
   1   1   1   1     0     1  -1.8992
   1   1   2   2     0     1  -3.1025
   2   2   2   2     0     1  -2.5598
   1   1   3   3     0     1  -1.0150
   2   2   3   3     0     1  -1.5602
   3   3   3   3     0     1  -1.6913
   1   2   1   2     1     1   0.6556
   1   2   1   3     1     1  -0.0456
   1   3   1   3     1     1   0.5158
   1   1   1   1     2     1  -0.0974
   1   1   1   2     2     1   0.5032
   1   2   1   2     2     1  -0.1545
   1   1   2   2     2     1  -1.2187
   1   2   2   2     2     1   0.2137
   2   2   2   2     2     1  -1.0007
   1   3   2   2     2     1   0.8866
   1   1   1   3     2     1   0.3494
   1   2   1   3     2     1  -0.3713
   1   3   1   3     2     1  -0.3034
   1   1   2   3     2     1  -0.3173
   1   2   2   3     2     1   0.3147
   2   2   2   3     2     1  -0.9317
   1   3   2   3     2     1   1.6131
   2   3   2   3     2     1  -0.9405
   1   2   1   2     3     1   0.7673
   1   2   2   3     3     1  -0.5525
   2   3   2   3     3     1   0.6841
   1   2   1   2     4     1  -1.4447
   1   2   2   2     4     1   1.3349
   2   2   2   2     4     1  -0.2069
