 ! Total Interaction
  63
   1   1   1   1     1     0  -1.6066
   1   1   1   2     1     0  -0.1862
   1   2   1   2     1     0  -5.8229
   1   1   2   2     1     0   1.6129
   1   2   2   2     1     0  -3.3898
   2   2   2   2     1     0  -1.3367
   1   3   2   2     1     0   0.0264
   1   1   1   3     1     0  -0.8229
   1   2   1   3     1     0  -1.5726
   1   3   1   3     1     0  -3.9201
   1   1   3   3     1     0   0.1525
   1   2   3   3     1     0  -1.9597
   2   2   3   3     1     0  -0.5178
   1   3   3   3     1     0  -0.8915
   3   3   3   3     1     0  -3.5939
   1   2   1   2     2     0  -4.0807
   1   2   1   3     2     0  -0.4291
   1   3   1   3     2     0  -1.7928
   1   2   2   3     2     0  -0.6263
   1   3   2   3     2     0  -2.4329
   2   3   2   3     2     0  -0.3056
   1   1   1   1     3     0  -2.8737
   1   1   1   2     3     0  -1.3855
   1   2   1   2     3     0  -1.1747
   1   1   2   2     3     0   1.1425
   1   2   2   2     3     0  -2.2383
   2   2   2   2     3     0  -1.6133
   1   1   2   3     3     0   0.0938
   1   2   2   3     3     0  -1.2136
   2   2   2   3     3     0  -1.1788
   2   3   2   3     3     0  -4.0522
   1   2   1   2     4     0  -4.4752
   2   2   2   2     5     0  -4.1861
   1   1   1   1     0     1  -1.8401
   1   1   2   2     0     1  -3.0060
   2   2   2   2     0     1  -2.4802
   1   1   3   3     0     1  -0.9834
   2   2   3   3     0     1  -1.5117
   3   3   3   3     0     1  -1.6387
   1   2   1   2     1     1   0.6352
   1   2   1   3     1     1  -0.0442
   1   3   1   3     1     1   0.4998
   1   1   1   1     2     1  -0.0944
   1   1   1   2     2     1   0.4875
   1   2   1   2     2     1  -0.1497
   1   1   2   2     2     1  -1.1808
   1   2   2   2     2     1   0.2071
   2   2   2   2     2     1  -0.9696
   1   3   2   2     2     1   0.8590
   1   1   1   3     2     1   0.3385
   1   2   1   3     2     1  -0.3597
   1   3   1   3     2     1  -0.2940
   1   1   2   3     2     1  -0.3074
   1   2   2   3     2     1   0.3049
   2   2   2   3     2     1  -0.9027
   1   3   2   3     2     1   1.5629
   2   3   2   3     2     1  -0.9112
   1   2   1   2     3     1   0.7434
   1   2   2   3     3     1  -0.5353
   2   3   2   3     3     1   0.6628
   1   2   1   2     4     1  -1.3998
   1   2   2   2     4     1   1.2934
   2   2   2   2     4     1  -0.2005
