 ! Total Interaction
  63
   1   1   1   1     1     0  -1.5211
   1   1   1   2     1     0  -0.1763
   1   2   1   2     1     0  -5.5130
   1   1   2   2     1     0   1.5271
   1   2   2   2     1     0  -3.2094
   2   2   2   2     1     0  -1.2655
   1   3   2   2     1     0   0.0250
   1   1   1   3     1     0  -0.7791
   1   2   1   3     1     0  -1.4889
   1   3   1   3     1     0  -3.7115
   1   1   3   3     1     0   0.1444
   1   2   3   3     1     0  -1.8554
   2   2   3   3     1     0  -0.4902
   1   3   3   3     1     0  -0.8440
   3   3   3   3     1     0  -3.4026
   1   2   1   2     2     0  -3.8635
   1   2   1   3     2     0  -0.4063
   1   3   1   3     2     0  -1.6974
   1   2   2   3     2     0  -0.5930
   1   3   2   3     2     0  -2.3034
   2   3   2   3     2     0  -0.2893
   1   1   1   1     3     0  -2.7208
   1   1   1   2     3     0  -1.3118
   1   2   1   2     3     0  -1.1122
   1   1   2   2     3     0   1.0817
   1   2   2   2     3     0  -2.1192
   2   2   2   2     3     0  -1.5274
   1   1   2   3     3     0   0.0888
   1   2   2   3     3     0  -1.1490
   2   2   2   3     3     0  -1.1161
   2   3   2   3     3     0  -3.8365
   1   2   1   2     4     0  -4.2370
   2   2   2   2     5     0  -3.9633
   1   1   1   1     0     1  -1.7422
   1   1   2   2     0     1  -2.8460
   2   2   2   2     0     1  -2.3481
   1   1   3   3     0     1  -0.9311
   2   2   3   3     0     1  -1.4312
   3   3   3   3     0     1  -1.5515
   1   2   1   2     1     1   0.6014
   1   2   1   3     1     1  -0.0418
   1   3   1   3     1     1   0.4732
   1   1   1   1     2     1  -0.0893
   1   1   1   2     2     1   0.4616
   1   2   1   2     2     1  -0.1417
   1   1   2   2     2     1  -1.1179
   1   2   2   2     2     1   0.1960
   2   2   2   2     2     1  -0.9180
   1   3   2   2     2     1   0.8133
   1   1   1   3     2     1   0.3205
   1   2   1   3     2     1  -0.3406
   1   3   1   3     2     1  -0.2783
   1   1   2   3     2     1  -0.2911
   1   2   2   3     2     1   0.2887
   2   2   2   3     2     1  -0.8547
   1   3   2   3     2     1   1.4797
   2   3   2   3     2     1  -0.8627
   1   2   1   2     3     1   0.7039
   1   2   2   3     3     1  -0.5068
   2   3   2   3     3     1   0.6275
   1   2   1   2     4     1  -1.3252
   1   2   2   2     4     1   1.2245
   2   2   2   2     4     1  -0.1898
