      1      1      1      1           6           0  0.95948554929697538     
      1      1      1      1           4           0  -3.4635801898382721     
      1      1      1      1           2           0   2.7060097368498321     
      1      1      1      1           0           0  -6.4493657500000019     
      1      1      1      2           6           0  -1.1139976004927137     
      1      1      1      2           4           0   1.7892693886849182     
      1      1      1      2           2           0  -1.4694629811023063     
      1      1      1      3           4           0   1.0797202872046781     
      1      1      1      3           2           0   3.8208275447184914E-002
      1      1      2      1           6           0  -1.1139976004927135     
      1      1      2      1           4           0   1.7892693886849182     
      1      1      2      1           2           0  -1.4694629811023063     
      1      1      2      2           8           0  -4.7645915083525594     
      1      1      2      2           6           0   1.6337917506204942     
      1      1      2      2           4           0  -2.0167632835585780     
      1      1      2      2           2           0  0.31086790671465625     
      1      1      2      3           4           0 -0.48922249485134955     
      1      1      2      3           2           0  -7.3167224507497131E-003
      1      1      3      1           4           0   1.0797202872046781     
      1      1      3      1           2           0   3.8208275447184914E-002
      1      1      3      2           4           0 -0.48922249485134955     
      1      1      3      2           2           0  -7.3167224507497131E-003
      1      1      3      3           4           0 -0.88922283701274807     
      1      1      3      3           2           0 -0.37245736190200318     
      1      2      1      1           6           0   1.1139976004927137     
      1      2      1      1           4           0  -1.7892693886849189     
      1      2      1      1           2           0   1.4694629811023068     
      1      2      1      2           6           0   2.0021791647033140     
      1      2      1      2           4           0  -4.6976905959098856     
      1      2      1      2           2           0   1.3754358667968125     
      1      2      1      2           0           0  -8.9486800524807393     
      1      2      1      3           6           0 -0.94479871381980440     
      1      2      1      3           4           0  -1.2497903012511511     
      1      2      2      1           8           0   6.9980514642857177     
      1      2      2      1           6           0  -2.3100216780669789     
      1      2      2      1           4           0   2.3466017476250975     
      1      2      2      1           2           0  -3.2225842773252689     
      1      2      2      2           8           0   4.2665562858956427     
      1      2      2      2           6           0  -1.3312447507054737     
      1      2      2      2           4           0   4.0313278233343208     
      1      2      2      2           2           0   1.3360513034571626     
      1      2      2      3           6           0 -0.40942755073937209     
      1      2      2      3           4           0   2.1785986577063268     
      1      2      3      1           4           0  0.88398439371651705     
      1      2      3      1           2           0  0.89132462365719567     
      1      2      3      2           4           0   1.2953128271945586     
      1      2      3      2           2           0 -0.12457787748428650     
      1      2      3      3           4           0   2.2723438693299705     
      1      3      1      1           4           0  -1.0797202872046781     
      1      3      1      1           2           0  -3.8208275447184747E-002
      1      3      1      2           6           0 -0.94479871381980418     
      1      3      1      2           4           0  -1.2497903012511515     
      1      3      1      3           2           0 -0.86443833381014978     
      1      3      1      3           0           0  -3.4636711740908348     
      1      3      2      1           4           0  0.88398439371651683     
      1      3      2      1           2           0  0.89132462365719545     
      1      3      2      2           6           0 -0.71747871085989023     
      1      3      2      2           4           0   1.0675971875041779     
      1      3      2      3           2           0  0.92087652107177220     
      1      3      3      1           4           0   3.9055473549443205     
      1      3      3      1           2           0 -0.63021253200541127     
      1      3      3      2           4           0   4.2296332648057380     
      1      3      3      3           2           0  -1.0337103910968004     
      2      1      1      1           6           0   1.1139976004927137     
      2      1      1      1           4           0  -1.7892693886849180     
      2      1      1      1           2           0   1.4694629811023068     
      2      1      1      2           8           0   6.9980514642857177     
      2      1      1      2           6           0  -2.3100216780669784     
      2      1      1      2           4           0   2.3466017476250975     
      2      1      1      2           2           0  -3.2225842773252684     
      2      1      1      3           4           0  0.88398439371651727     
      2      1      1      3           2           0  0.89132462365719578     
      2      1      2      1           6           0   2.0021791647033145     
      2      1      2      1           4           0  -4.6976905959098865     
      2      1      2      1           2           0   1.3754358667968136     
      2      1      2      1           0           0  -8.9486800524807375     
      2      1      2      2           8           0   4.2665562858956427     
      2      1      2      2           6           0  -1.3312447507054734     
      2      1      2      2           4           0   4.0313278233343208     
      2      1      2      2           2           0   1.3360513034571626     
      2      1      2      3           4           0   1.2953128271945586     
      2      1      2      3           2           0 -0.12457787748428650     
      2      1      3      1           6           0 -0.94479871381980440     
      2      1      3      1           4           0  -1.2497903012511511     
      2      1      3      2           6           0 -0.40942755073937209     
      2      1      3      2           4           0   2.1785986577063268     
      2      1      3      3           4           0   2.2723438693299705     
      2      2      1      1           8           0  -4.7645915083525585     
      2      2      1      1           6           0   1.6337917506204942     
      2      2      1      1           4           0  -2.0167632835585780     
      2      2      1      1           2           0  0.31086790671465625     
      2      2      1      2           8           0  -4.2665562858956427     
      2      2      1      2           6           0   1.3312447507054732     
      2      2      1      2           4           0  -4.0313278233343208     
      2      2      1      2           2           0  -1.3360513034571617     
      2      2      1      3           6           0  0.71747871085989001     
      2      2      1      3           4           0  -1.0675971875041772     
      2      2      2      1           8           0  -4.2665562858956427     
      2      2      2      1           6           0   1.3312447507054732     
      2      2      2      1           4           0  -4.0313278233343208     
      2      2      2      1           2           0  -1.3360513034571615     
      2      2      2      2          10           0   2.8212434459245619E-002
      2      2      2      2           8           0  -2.5505114642857141     
      2      2      2      2           6           0   2.9983388272956510     
      2      2      2      2           4           0  -5.8094464947055693     
      2      2      2      2           2           0   5.5704509446147856     
      2      2      2      2           0           0  -11.121739333333334     
      2      2      2      3           6           0 -0.12628099500464152     
      2      2      2      3           4           0  -2.4839534502164362     
      2      2      3      1           6           0  0.71747871085989001     
      2      2      3      1           4           0  -1.0675971875041772     
      2      2      3      2           6           0 -0.12628099500464152     
      2      2      3      2           4           0  -2.4839534502164362     
      2      2      3      3           6           0 -0.54501844123000165     
      2      2      3      3           4           0  -1.5723232437546741     
      2      3      1      1           4           0 -0.48922249485134972     
      2      3      1      1           2           0  -7.3167224507497131E-003
      2      3      1      2           6           0  0.40942755073937198     
      2      3      1      2           4           0  -2.1785986577063268     
      2      3      1      3           2           0 -0.92087652107177220     
      2      3      2      1           4           0  -1.2953128271945589     
      2      3      2      1           2           0  0.12457787748428628     
      2      3      2      2           6           0 -0.12628099500464218     
      2      3      2      2           4           0  -2.4839534502164367     
      2      3      2      3           2           0   1.7564093368916032     
      2      3      2      3           0           0  -4.0736310789309345     
      2      3      3      1           4           0  -4.2296332648057380     
      2      3      3      2           6           0  0.35209482064226827     
      2      3      3      2           4           0  -5.9295990998860022     
      3      1      1      1           4           0  -1.0797202872046781     
      3      1      1      1           2           0  -3.8208275447184747E-002
      3      1      1      2           4           0  0.88398439371651683     
      3      1      1      2           2           0  0.89132462365719545     
      3      1      1      3           4           0   3.9055473549443205     
      3      1      1      3           2           0 -0.63021253200541127     
      3      1      2      1           6           0 -0.94479871381980418     
      3      1      2      1           4           0  -1.2497903012511515     
      3      1      2      2           6           0 -0.71747871085989023     
      3      1      2      2           4           0   1.0675971875041779     
      3      1      2      3           4           0   4.2296332648057380     
      3      1      3      1           2           0 -0.86443833381014978     
      3      1      3      1           0           0  -3.4636711740908348     
      3      1      3      2           2           0  0.92087652107177220     
      3      1      3      3           2           0  -1.0337103910968004     
      3      2      1      1           4           0 -0.48922249485134972     
      3      2      1      1           2           0  -7.3167224507497131E-003
      3      2      1      2           4           0  -1.2953128271945589     
      3      2      1      2           2           0  0.12457787748428628     
      3      2      1      3           4           0  -4.2296332648057380     
      3      2      2      1           6           0  0.40942755073937198     
      3      2      2      1           4           0  -2.1785986577063272     
      3      2      2      2           6           0 -0.12628099500464218     
      3      2      2      2           4           0  -2.4839534502164371     
      3      2      2      3           6           0  0.35209482064226827     
      3      2      2      3           4           0  -5.9295990998860022     
      3      2      3      1           2           0 -0.92087652107177220     
      3      2      3      2           2           0   1.7564093368916041     
      3      2      3      2           0           0  -4.0736310789309336     
      3      3      1      1           4           0 -0.88922283701274807     
      3      3      1      1           2           0 -0.37245736190200318     
      3      3      1      2           4           0  -2.2723438693299700     
      3      3      1      3           2           0   1.0337103910968004     
      3      3      2      1           4           0  -2.2723438693299700     
      3      3      2      2           6           0 -0.54501844123000165     
      3      3      2      2           4           0  -1.5723232437546737     
      3      3      3      1           2           0   1.0337103910968004     
      3      3      3      3           2           0   1.6031351319869296     
      3      3      3      3           0           0  -5.8796215000000016     
      1      1      1      1           6           0  0.95948554929697538     
      1      1      1      1           4           0  -3.4635801898382721     
      1      1      1      1           2           0   2.7060097368498321     
      1      1      1      1           0           0  -6.4493657500000019     
      1      1      1      2           6           0  -1.1139976004927137     
      1      1      1      2           4           0   1.7892693886849182     
      1      1      1      2           2           0  -1.4694629811023063     
      1      1      1      3           4           0   1.0797202872046781     
      1      1      1      3           2           0   3.8208275447184914E-002
      1      1      2      1           6           0  -1.1139976004927135     
      1      1      2      1           4           0   1.7892693886849182     
      1      1      2      1           2           0  -1.4694629811023063     
      1      1      2      2           8           0  -4.7645915083525594     
      1      1      2      2           6           0   1.6337917506204942     
      1      1      2      2           4           0  -2.0167632835585780     
      1      1      2      2           2           0  0.31086790671465625     
      1      1      2      3           4           0 -0.48922249485134955     
      1      1      2      3           2           0  -7.3167224507497131E-003
      1      1      3      1           4           0   1.0797202872046781     
      1      1      3      1           2           0   3.8208275447184914E-002
      1      1      3      2           4           0 -0.48922249485134955     
      1      1      3      2           2           0  -7.3167224507497131E-003
      1      1      3      3           4           0 -0.88922283701274807     
      1      1      3      3           2           0 -0.37245736190200318     
      1      2      1      1           6           0   1.1139976004927137     
      1      2      1      1           4           0  -1.7892693886849189     
      1      2      1      1           2           0   1.4694629811023068     
      1      2      1      2           6           0   2.0021791647033140     
      1      2      1      2           4           0  -4.6976905959098856     
      1      2      1      2           2           0   1.3754358667968125     
      1      2      1      2           0           0  -8.9486800524807393     
      1      2      1      3           6           0 -0.94479871381980440     
      1      2      1      3           4           0  -1.2497903012511511     
      1      2      2      1           8           0   6.9980514642857177     
      1      2      2      1           6           0  -2.3100216780669789     
      1      2      2      1           4           0   2.3466017476250975     
      1      2      2      1           2           0  -3.2225842773252689     
      1      2      2      2           8           0   4.2665562858956427     
      1      2      2      2           6           0  -1.3312447507054737     
      1      2      2      2           4           0   4.0313278233343208     
      1      2      2      2           2           0   1.3360513034571626     
      1      2      2      3           6           0 -0.40942755073937209     
      1      2      2      3           4           0   2.1785986577063268     
      1      2      3      1           4           0  0.88398439371651705     
      1      2      3      1           2           0  0.89132462365719567     
      1      2      3      2           4           0   1.2953128271945586     
      1      2      3      2           2           0 -0.12457787748428650     
      1      2      3      3           4           0   2.2723438693299705     
      1      3      1      1           4           0  -1.0797202872046781     
      1      3      1      1           2           0  -3.8208275447184747E-002
      1      3      1      2           6           0 -0.94479871381980418     
      1      3      1      2           4           0  -1.2497903012511515     
      1      3      1      3           2           0 -0.86443833381014978     
      1      3      1      3           0           0  -3.4636711740908348     
      1      3      2      1           4           0  0.88398439371651683     
      1      3      2      1           2           0  0.89132462365719545     
      1      3      2      2           6           0 -0.71747871085989023     
      1      3      2      2           4           0   1.0675971875041779     
      1      3      2      3           2           0  0.92087652107177220     
      1      3      3      1           4           0   3.9055473549443205     
      1      3      3      1           2           0 -0.63021253200541127     
      1      3      3      2           4           0   4.2296332648057380     
      1      3      3      3           2           0  -1.0337103910968004     
      2      1      1      1           6           0   1.1139976004927137     
      2      1      1      1           4           0  -1.7892693886849180     
      2      1      1      1           2           0   1.4694629811023068     
      2      1      1      2           8           0   6.9980514642857177     
      2      1      1      2           6           0  -2.3100216780669784     
      2      1      1      2           4           0   2.3466017476250975     
      2      1      1      2           2           0  -3.2225842773252684     
      2      1      1      3           4           0  0.88398439371651727     
      2      1      1      3           2           0  0.89132462365719578     
      2      1      2      1           6           0   2.0021791647033145     
      2      1      2      1           4           0  -4.6976905959098865     
      2      1      2      1           2           0   1.3754358667968136     
      2      1      2      1           0           0  -8.9486800524807375     
      2      1      2      2           8           0   4.2665562858956427     
      2      1      2      2           6           0  -1.3312447507054734     
      2      1      2      2           4           0   4.0313278233343208     
      2      1      2      2           2           0   1.3360513034571626     
      2      1      2      3           4           0   1.2953128271945586     
      2      1      2      3           2           0 -0.12457787748428650     
      2      1      3      1           6           0 -0.94479871381980440     
      2      1      3      1           4           0  -1.2497903012511511     
      2      1      3      2           6           0 -0.40942755073937209     
      2      1      3      2           4           0   2.1785986577063268     
      2      1      3      3           4           0   2.2723438693299705     
      2      2      1      1           8           0  -4.7645915083525585     
      2      2      1      1           6           0   1.6337917506204942     
      2      2      1      1           4           0  -2.0167632835585780     
      2      2      1      1           2           0  0.31086790671465625     
      2      2      1      2           8           0  -4.2665562858956427     
      2      2      1      2           6           0   1.3312447507054732     
      2      2      1      2           4           0  -4.0313278233343208     
      2      2      1      2           2           0  -1.3360513034571617     
      2      2      1      3           6           0  0.71747871085989001     
      2      2      1      3           4           0  -1.0675971875041772     
      2      2      2      1           8           0  -4.2665562858956427     
      2      2      2      1           6           0   1.3312447507054732     
      2      2      2      1           4           0  -4.0313278233343208     
      2      2      2      1           2           0  -1.3360513034571615     
      2      2      2      2          10           0   2.8212434459245619E-002
      2      2      2      2           8           0  -2.5505114642857141     
      2      2      2      2           6           0   2.9983388272956510     
      2      2      2      2           4           0  -5.8094464947055693     
      2      2      2      2           2           0   5.5704509446147856     
      2      2      2      2           0           0  -11.121739333333334     
      2      2      2      3           6           0 -0.12628099500464152     
      2      2      2      3           4           0  -2.4839534502164362     
      2      2      3      1           6           0  0.71747871085989001     
      2      2      3      1           4           0  -1.0675971875041772     
      2      2      3      2           6           0 -0.12628099500464152     
      2      2      3      2           4           0  -2.4839534502164362     
      2      2      3      3           6           0 -0.54501844123000165     
      2      2      3      3           4           0  -1.5723232437546741     
      2      3      1      1           4           0 -0.48922249485134972     
      2      3      1      1           2           0  -7.3167224507497131E-003
      2      3      1      2           6           0  0.40942755073937198     
      2      3      1      2           4           0  -2.1785986577063268     
      2      3      1      3           2           0 -0.92087652107177220     
      2      3      2      1           4           0  -1.2953128271945589     
      2      3      2      1           2           0  0.12457787748428628     
      2      3      2      2           6           0 -0.12628099500464218     
      2      3      2      2           4           0  -2.4839534502164367     
      2      3      2      3           2           0   1.7564093368916032     
      2      3      2      3           0           0  -4.0736310789309345     
      2      3      3      1           4           0  -4.2296332648057380     
      2      3      3      2           6           0  0.35209482064226827     
      2      3      3      2           4           0  -5.9295990998860022     
      3      1      1      1           4           0  -1.0797202872046781     
      3      1      1      1           2           0  -3.8208275447184747E-002
      3      1      1      2           4           0  0.88398439371651683     
      3      1      1      2           2           0  0.89132462365719545     
      3      1      1      3           4           0   3.9055473549443205     
      3      1      1      3           2           0 -0.63021253200541127     
      3      1      2      1           6           0 -0.94479871381980418     
      3      1      2      1           4           0  -1.2497903012511515     
      3      1      2      2           6           0 -0.71747871085989023     
      3      1      2      2           4           0   1.0675971875041779     
      3      1      2      3           4           0   4.2296332648057380     
      3      1      3      1           2           0 -0.86443833381014978     
      3      1      3      1           0           0  -3.4636711740908348     
      3      1      3      2           2           0  0.92087652107177220     
      3      1      3      3           2           0  -1.0337103910968004     
      3      2      1      1           4           0 -0.48922249485134972     
      3      2      1      1           2           0  -7.3167224507497131E-003
      3      2      1      2           4           0  -1.2953128271945589     
      3      2      1      2           2           0  0.12457787748428628     
      3      2      1      3           4           0  -4.2296332648057380     
      3      2      2      1           6           0  0.40942755073937198     
      3      2      2      1           4           0  -2.1785986577063272     
      3      2      2      2           6           0 -0.12628099500464218     
      3      2      2      2           4           0  -2.4839534502164371     
      3      2      2      3           6           0  0.35209482064226827     
      3      2      2      3           4           0  -5.9295990998860022     
      3      2      3      1           2           0 -0.92087652107177220     
      3      2      3      2           2           0   1.7564093368916041     
      3      2      3      2           0           0  -4.0736310789309336     
      3      3      1      1           4           0 -0.88922283701274807     
      3      3      1      1           2           0 -0.37245736190200318     
      3      3      1      2           4           0  -2.2723438693299700     
      3      3      1      3           2           0   1.0337103910968004     
      3      3      2      1           4           0  -2.2723438693299700     
      3      3      2      2           6           0 -0.54501844123000165     
      3      3      2      2           4           0  -1.5723232437546737     
      3      3      3      1           2           0   1.0337103910968004     
      3      3      3      3           2           0   1.6031351319869296     
      3      3      3      3           0           0  -5.8796215000000016     
         336          10
   1   1   4   4   0   0   0   0 -6.4494   1   1
   1   1   4   4   2   0   0   0  2.7060   1   1
   1   1   4   4   4   0   0   0 -3.4636   1   1
   1   1   4   4   6   0   0   0  0.9595   1   1
   1   1   4   5   2   0   0   0 -1.4695   1   1
   1   1   4   5   4   0   0   0  1.7893   1   1
   1   1   4   5   6   0   0   0 -1.1140   1   1
   1   1   4   6   2   0   0   0  0.0382   1   1
   1   1   4   6   4   0   0   0  1.0797   1   1
   1   1   5   4   2   0   0   0  1.4695   1   1
   1   1   5   4   4   0   0   0 -1.7893   1   1
   1   1   5   4   6   0   0   0  1.1140   1   1
   1   1   5   5   0   0   0   0 -8.9487   1   1
   1   1   5   5   2   0   0   0  1.3754   1   1
   1   1   5   5   4   0   0   0 -4.6977   1   1
   1   1   5   5   6   0   0   0  2.0022   1   1
   1   1   5   6   4   0   0   0 -1.2498   1   1
   1   1   5   6   6   0   0   0 -0.9448   1   1
   1   1   6   4   2   0   0   0 -0.0382   1   1
   1   1   6   4   4   0   0   0 -1.0797   1   1
   1   1   6   5   4   0   0   0 -1.2498   1   1
   1   1   6   5   6   0   0   0 -0.9448   1   1
   1   1   6   6   0   0   0   0 -3.4637   1   1
   1   1   6   6   2   0   0   0 -0.8644   1   1
   1   2   4   4   2   0   0   0 -1.4695   1   1
   1   2   4   4   4   0   0   0  1.7893   1   1
   1   2   4   4   6   0   0   0 -1.1140   1   1
   1   2   4   5   2   0   0   0  0.3109   1   1
   1   2   4   5   4   0   0   0 -2.0168   1   1
   1   2   4   5   6   0   0   0  1.6338   1   1
   1   2   4   5   8   0   0   0 -4.7646   1   1
   1   2   4   6   2   0   0   0 -0.0073   1   1
   1   2   4   6   4   0   0   0 -0.4892   1   1
   1   2   5   4   2   0   0   0 -3.2226   1   1
   1   2   5   4   4   0   0   0  2.3466   1   1
   1   2   5   4   6   0   0   0 -2.3100   1   1
   1   2   5   4   8   0   0   0  6.9981   1   1
   1   2   5   5   2   0   0   0  1.3361   1   1
   1   2   5   5   4   0   0   0  4.0313   1   1
   1   2   5   5   6   0   0   0 -1.3312   1   1
   1   2   5   5   8   0   0   0  4.2666   1   1
   1   2   5   6   4   0   0   0  2.1786   1   1
   1   2   5   6   6   0   0   0 -0.4094   1   1
   1   2   6   4   2   0   0   0  0.8913   1   1
   1   2   6   4   4   0   0   0  0.8840   1   1
   1   2   6   5   4   0   0   0  1.0676   1   1
   1   2   6   5   6   0   0   0 -0.7175   1   1
   1   2   6   6   2   0   0   0  0.9209   1   1
   1   3   4   4   2   0   0   0  0.0382   1   1
   1   3   4   4   4   0   0   0  1.0797   1   1
   1   3   4   5   2   0   0   0 -0.0073   1   1
   1   3   4   5   4   0   0   0 -0.4892   1   1
   1   3   4   6   2   0   0   0 -0.3725   1   1
   1   3   4   6   4   0   0   0 -0.8892   1   1
   1   3   5   4   2   0   0   0  0.8913   1   1
   1   3   5   4   4   0   0   0  0.8840   1   1
   1   3   5   5   2   0   0   0 -0.1246   1   1
   1   3   5   5   4   0   0   0  1.2953   1   1
   1   3   5   6   4   0   0   0  2.2723   1   1
   1   3   6   4   2   0   0   0 -0.6302   1   1
   1   3   6   4   4   0   0   0  3.9055   1   1
   1   3   6   5   4   0   0   0  4.2296   1   1
   1   3   6   6   2   0   0   0 -1.0337   1   1
   2   1   4   4   2   0   0   0  1.4695   1   1
   2   1   4   4   4   0   0   0 -1.7893   1   1
   2   1   4   4   6   0   0   0  1.1140   1   1
   2   1   4   5   2   0   0   0 -3.2226   1   1
   2   1   4   5   4   0   0   0  2.3466   1   1
   2   1   4   5   6   0   0   0 -2.3100   1   1
   2   1   4   5   8   0   0   0  6.9981   1   1
   2   1   4   6   2   0   0   0  0.8913   1   1
   2   1   4   6   4   0   0   0  0.8840   1   1
   2   1   5   4   2   0   0   0  0.3109   1   1
   2   1   5   4   4   0   0   0 -2.0168   1   1
   2   1   5   4   6   0   0   0  1.6338   1   1
   2   1   5   4   8   0   0   0 -4.7646   1   1
   2   1   5   5   2   0   0   0 -1.3361   1   1
   2   1   5   5   4   0   0   0 -4.0313   1   1
   2   1   5   5   6   0   0   0  1.3312   1   1
   2   1   5   5   8   0   0   0 -4.2666   1   1
   2   1   5   6   4   0   0   0 -1.0676   1   1
   2   1   5   6   6   0   0   0  0.7175   1   1
   2   1   6   4   2   0   0   0 -0.0073   1   1
   2   1   6   4   4   0   0   0 -0.4892   1   1
   2   1   6   5   4   0   0   0 -2.1786   1   1
   2   1   6   5   6   0   0   0  0.4094   1   1
   2   1   6   6   2   0   0   0 -0.9209   1   1
   2   2   4   4   0   0   0   0 -8.9487   1   1
   2   2   4   4   2   0   0   0  1.3754   1   1
   2   2   4   4   4   0   0   0 -4.6977   1   1
   2   2   4   4   6   0   0   0  2.0022   1   1
   2   2   4   5   2   0   0   0  1.3361   1   1
   2   2   4   5   4   0   0   0  4.0313   1   1
   2   2   4   5   6   0   0   0 -1.3312   1   1
   2   2   4   5   8   0   0   0  4.2666   1   1
   2   2   4   6   2   0   0   0 -0.1246   1   1
   2   2   4   6   4   0   0   0  1.2953   1   1
   2   2   5   4   2   0   0   0 -1.3361   1   1
   2   2   5   4   4   0   0   0 -4.0313   1   1
   2   2   5   4   6   0   0   0  1.3312   1   1
   2   2   5   4   8   0   0   0 -4.2666   1   1
   2   2   5   5   0   0   0   0-11.1217   1   1
   2   2   5   5   2   0   0   0  5.5705   1   1
   2   2   5   5   4   0   0   0 -5.8094   1   1
   2   2   5   5   6   0   0   0  2.9983   1   1
   2   2   5   5   8   0   0   0 -2.5505   1   1
   2   2   5   5  10   0   0   0  0.0282   1   1
   2   2   5   6   4   0   0   0 -2.4840   1   1
   2   2   5   6   6   0   0   0 -0.1263   1   1
   2   2   6   4   2   0   0   0  0.1246   1   1
   2   2   6   4   4   0   0   0 -1.2953   1   1
   2   2   6   5   4   0   0   0 -2.4840   1   1
   2   2   6   5   6   0   0   0 -0.1263   1   1
   2   2   6   6   0   0   0   0 -4.0736   1   1
   2   2   6   6   2   0   0   0  1.7564   1   1
   2   3   4   4   4   0   0   0 -1.2498   1   1
   2   3   4   4   6   0   0   0 -0.9448   1   1
   2   3   4   5   4   0   0   0  2.1786   1   1
   2   3   4   5   6   0   0   0 -0.4094   1   1
   2   3   4   6   4   0   0   0  2.2723   1   1
   2   3   5   4   4   0   0   0 -1.0676   1   1
   2   3   5   4   6   0   0   0  0.7175   1   1
   2   3   5   5   4   0   0   0 -2.4840   1   1
   2   3   5   5   6   0   0   0 -0.1263   1   1
   2   3   5   6   4   0   0   0 -1.5723   1   1
   2   3   5   6   6   0   0   0 -0.5450   1   1
   2   3   6   4   4   0   0   0 -4.2296   1   1
   2   3   6   5   4   0   0   0 -5.9296   1   1
   2   3   6   5   6   0   0   0  0.3521   1   1
   3   1   4   4   2   0   0   0 -0.0382   1   1
   3   1   4   4   4   0   0   0 -1.0797   1   1
   3   1   4   5   2   0   0   0  0.8913   1   1
   3   1   4   5   4   0   0   0  0.8840   1   1
   3   1   4   6   2   0   0   0 -0.6302   1   1
   3   1   4   6   4   0   0   0  3.9055   1   1
   3   1   5   4   2   0   0   0 -0.0073   1   1
   3   1   5   4   4   0   0   0 -0.4892   1   1
   3   1   5   5   2   0   0   0  0.1246   1   1
   3   1   5   5   4   0   0   0 -1.2953   1   1
   3   1   5   6   4   0   0   0 -4.2296   1   1
   3   1   6   4   2   0   0   0 -0.3725   1   1
   3   1   6   4   4   0   0   0 -0.8892   1   1
   3   1   6   5   4   0   0   0 -2.2723   1   1
   3   1   6   6   2   0   0   0  1.0337   1   1
   3   2   4   4   4   0   0   0 -1.2498   1   1
   3   2   4   4   6   0   0   0 -0.9448   1   1
   3   2   4   5   4   0   0   0  1.0676   1   1
   3   2   4   5   6   0   0   0 -0.7175   1   1
   3   2   4   6   4   0   0   0  4.2296   1   1
   3   2   5   4   4   0   0   0 -2.1786   1   1
   3   2   5   4   6   0   0   0  0.4094   1   1
   3   2   5   5   4   0   0   0 -2.4840   1   1
   3   2   5   5   6   0   0   0 -0.1263   1   1
   3   2   5   6   4   0   0   0 -5.9296   1   1
   3   2   5   6   6   0   0   0  0.3521   1   1
   3   2   6   4   4   0   0   0 -2.2723   1   1
   3   2   6   5   4   0   0   0 -1.5723   1   1
   3   2   6   5   6   0   0   0 -0.5450   1   1
   3   3   4   4   0   0   0   0 -3.4637   1   1
   3   3   4   4   2   0   0   0 -0.8644   1   1
   3   3   4   5   2   0   0   0  0.9209   1   1
   3   3   4   6   2   0   0   0 -1.0337   1   1
   3   3   5   4   2   0   0   0 -0.9209   1   1
   3   3   5   5   0   0   0   0 -4.0736   1   1
   3   3   5   5   2   0   0   0  1.7564   1   1
   3   3   6   4   2   0   0   0  1.0337   1   1
   3   3   6   6   0   0   0   0 -5.8796   1   1
   3   3   6   6   2   0   0   0  1.6031   1   1
   4   4   1   1   0   0   0   0 -6.4494   1   1
   4   4   1   1   2   0   0   0  2.7060   1   1
   4   4   1   1   4   0   0   0 -3.4636   1   1
   4   4   1   1   6   0   0   0  0.9595   1   1
   4   4   1   2   2   0   0   0 -1.4695   1   1
   4   4   1   2   4   0   0   0  1.7893   1   1
   4   4   1   2   6   0   0   0 -1.1140   1   1
   4   4   1   3   2   0   0   0  0.0382   1   1
   4   4   1   3   4   0   0   0  1.0797   1   1
   4   4   2   1   2   0   0   0  1.4695   1   1
   4   4   2   1   4   0   0   0 -1.7893   1   1
   4   4   2   1   6   0   0   0  1.1140   1   1
   4   4   2   2   0   0   0   0 -8.9487   1   1
   4   4   2   2   2   0   0   0  1.3754   1   1
   4   4   2   2   4   0   0   0 -4.6977   1   1
   4   4   2   2   6   0   0   0  2.0022   1   1
   4   4   2   3   4   0   0   0 -1.2498   1   1
   4   4   2   3   6   0   0   0 -0.9448   1   1
   4   4   3   1   2   0   0   0 -0.0382   1   1
   4   4   3   1   4   0   0   0 -1.0797   1   1
   4   4   3   2   4   0   0   0 -1.2498   1   1
   4   4   3   2   6   0   0   0 -0.9448   1   1
   4   4   3   3   0   0   0   0 -3.4637   1   1
   4   4   3   3   2   0   0   0 -0.8644   1   1
   4   5   1   1   2   0   0   0 -1.4695   1   1
   4   5   1   1   4   0   0   0  1.7893   1   1
   4   5   1   1   6   0   0   0 -1.1140   1   1
   4   5   1   2   2   0   0   0  0.3109   1   1
   4   5   1   2   4   0   0   0 -2.0168   1   1
   4   5   1   2   6   0   0   0  1.6338   1   1
   4   5   1   2   8   0   0   0 -4.7646   1   1
   4   5   1   3   2   0   0   0 -0.0073   1   1
   4   5   1   3   4   0   0   0 -0.4892   1   1
   4   5   2   1   2   0   0   0 -3.2226   1   1
   4   5   2   1   4   0   0   0  2.3466   1   1
   4   5   2   1   6   0   0   0 -2.3100   1   1
   4   5   2   1   8   0   0   0  6.9981   1   1
   4   5   2   2   2   0   0   0  1.3361   1   1
   4   5   2   2   4   0   0   0  4.0313   1   1
   4   5   2   2   6   0   0   0 -1.3312   1   1
   4   5   2   2   8   0   0   0  4.2666   1   1
   4   5   2   3   4   0   0   0  2.1786   1   1
   4   5   2   3   6   0   0   0 -0.4094   1   1
   4   5   3   1   2   0   0   0  0.8913   1   1
   4   5   3   1   4   0   0   0  0.8840   1   1
   4   5   3   2   4   0   0   0  1.0676   1   1
   4   5   3   2   6   0   0   0 -0.7175   1   1
   4   5   3   3   2   0   0   0  0.9209   1   1
   4   6   1   1   2   0   0   0  0.0382   1   1
   4   6   1   1   4   0   0   0  1.0797   1   1
   4   6   1   2   2   0   0   0 -0.0073   1   1
   4   6   1   2   4   0   0   0 -0.4892   1   1
   4   6   1   3   2   0   0   0 -0.3725   1   1
   4   6   1   3   4   0   0   0 -0.8892   1   1
   4   6   2   1   2   0   0   0  0.8913   1   1
   4   6   2   1   4   0   0   0  0.8840   1   1
   4   6   2   2   2   0   0   0 -0.1246   1   1
   4   6   2   2   4   0   0   0  1.2953   1   1
   4   6   2   3   4   0   0   0  2.2723   1   1
   4   6   3   1   2   0   0   0 -0.6302   1   1
   4   6   3   1   4   0   0   0  3.9055   1   1
   4   6   3   2   4   0   0   0  4.2296   1   1
   4   6   3   3   2   0   0   0 -1.0337   1   1
   5   4   1   1   2   0   0   0  1.4695   1   1
   5   4   1   1   4   0   0   0 -1.7893   1   1
   5   4   1   1   6   0   0   0  1.1140   1   1
   5   4   1   2   2   0   0   0 -3.2226   1   1
   5   4   1   2   4   0   0   0  2.3466   1   1
   5   4   1   2   6   0   0   0 -2.3100   1   1
   5   4   1   2   8   0   0   0  6.9981   1   1
   5   4   1   3   2   0   0   0  0.8913   1   1
   5   4   1   3   4   0   0   0  0.8840   1   1
   5   4   2   1   2   0   0   0  0.3109   1   1
   5   4   2   1   4   0   0   0 -2.0168   1   1
   5   4   2   1   6   0   0   0  1.6338   1   1
   5   4   2   1   8   0   0   0 -4.7646   1   1
   5   4   2   2   2   0   0   0 -1.3361   1   1
   5   4   2   2   4   0   0   0 -4.0313   1   1
   5   4   2   2   6   0   0   0  1.3312   1   1
   5   4   2   2   8   0   0   0 -4.2666   1   1
   5   4   2   3   4   0   0   0 -1.0676   1   1
   5   4   2   3   6   0   0   0  0.7175   1   1
   5   4   3   1   2   0   0   0 -0.0073   1   1
   5   4   3   1   4   0   0   0 -0.4892   1   1
   5   4   3   2   4   0   0   0 -2.1786   1   1
   5   4   3   2   6   0   0   0  0.4094   1   1
   5   4   3   3   2   0   0   0 -0.9209   1   1
   5   5   1   1   0   0   0   0 -8.9487   1   1
   5   5   1   1   2   0   0   0  1.3754   1   1
   5   5   1   1   4   0   0   0 -4.6977   1   1
   5   5   1   1   6   0   0   0  2.0022   1   1
   5   5   1   2   2   0   0   0  1.3361   1   1
   5   5   1   2   4   0   0   0  4.0313   1   1
   5   5   1   2   6   0   0   0 -1.3312   1   1
   5   5   1   2   8   0   0   0  4.2666   1   1
   5   5   1   3   2   0   0   0 -0.1246   1   1
   5   5   1   3   4   0   0   0  1.2953   1   1
   5   5   2   1   2   0   0   0 -1.3361   1   1
   5   5   2   1   4   0   0   0 -4.0313   1   1
   5   5   2   1   6   0   0   0  1.3312   1   1
   5   5   2   1   8   0   0   0 -4.2666   1   1
   5   5   2   2   0   0   0   0-11.1217   1   1
   5   5   2   2   2   0   0   0  5.5705   1   1
   5   5   2   2   4   0   0   0 -5.8094   1   1
   5   5   2   2   6   0   0   0  2.9983   1   1
   5   5   2   2   8   0   0   0 -2.5505   1   1
   5   5   2   2  10   0   0   0  0.0282   1   1
   5   5   2   3   4   0   0   0 -2.4840   1   1
   5   5   2   3   6   0   0   0 -0.1263   1   1
   5   5   3   1   2   0   0   0  0.1246   1   1
   5   5   3   1   4   0   0   0 -1.2953   1   1
   5   5   3   2   4   0   0   0 -2.4840   1   1
   5   5   3   2   6   0   0   0 -0.1263   1   1
   5   5   3   3   0   0   0   0 -4.0736   1   1
   5   5   3   3   2   0   0   0  1.7564   1   1
   5   6   1   1   4   0   0   0 -1.2498   1   1
   5   6   1   1   6   0   0   0 -0.9448   1   1
   5   6   1   2   4   0   0   0  2.1786   1   1
   5   6   1   2   6   0   0   0 -0.4094   1   1
   5   6   1   3   4   0   0   0  2.2723   1   1
   5   6   2   1   4   0   0   0 -1.0676   1   1
   5   6   2   1   6   0   0   0  0.7175   1   1
   5   6   2   2   4   0   0   0 -2.4840   1   1
   5   6   2   2   6   0   0   0 -0.1263   1   1
   5   6   2   3   4   0   0   0 -1.5723   1   1
   5   6   2   3   6   0   0   0 -0.5450   1   1
   5   6   3   1   4   0   0   0 -4.2296   1   1
   5   6   3   2   4   0   0   0 -5.9296   1   1
   5   6   3   2   6   0   0   0  0.3521   1   1
   6   4   1   1   2   0   0   0 -0.0382   1   1
   6   4   1   1   4   0   0   0 -1.0797   1   1
   6   4   1   2   2   0   0   0  0.8913   1   1
   6   4   1   2   4   0   0   0  0.8840   1   1
   6   4   1   3   2   0   0   0 -0.6302   1   1
   6   4   1   3   4   0   0   0  3.9055   1   1
   6   4   2   1   2   0   0   0 -0.0073   1   1
   6   4   2   1   4   0   0   0 -0.4892   1   1
   6   4   2   2   2   0   0   0  0.1246   1   1
   6   4   2   2   4   0   0   0 -1.2953   1   1
   6   4   2   3   4   0   0   0 -4.2296   1   1
   6   4   3   1   2   0   0   0 -0.3725   1   1
   6   4   3   1   4   0   0   0 -0.8892   1   1
   6   4   3   2   4   0   0   0 -2.2723   1   1
   6   4   3   3   2   0   0   0  1.0337   1   1
   6   5   1   1   4   0   0   0 -1.2498   1   1
   6   5   1   1   6   0   0   0 -0.9448   1   1
   6   5   1   2   4   0   0   0  1.0676   1   1
   6   5   1   2   6   0   0   0 -0.7175   1   1
   6   5   1   3   4   0   0   0  4.2296   1   1
   6   5   2   1   4   0   0   0 -2.1786   1   1
   6   5   2   1   6   0   0   0  0.4094   1   1
   6   5   2   2   4   0   0   0 -2.4840   1   1
   6   5   2   2   6   0   0   0 -0.1263   1   1
   6   5   2   3   4   0   0   0 -5.9296   1   1
   6   5   2   3   6   0   0   0  0.3521   1   1
   6   5   3   1   4   0   0   0 -2.2723   1   1
   6   5   3   2   4   0   0   0 -1.5723   1   1
   6   5   3   2   6   0   0   0 -0.5450   1   1
   6   6   1   1   0   0   0   0 -3.4637   1   1
   6   6   1   1   2   0   0   0 -0.8644   1   1
   6   6   1   2   2   0   0   0  0.9209   1   1
   6   6   1   3   2   0   0   0 -1.0337   1   1
   6   6   2   1   2   0   0   0 -0.9209   1   1
   6   6   2   2   0   0   0   0 -4.0736   1   1
   6   6   2   2   2   0   0   0  1.7564   1   1
   6   6   3   1   2   0   0   0  1.0337   1   1
   6   6   3   3   0   0   0   0 -5.8796   1   1
   6   6   3   3   2   0   0   0  1.6031   1   1
