 ! Total Interaction
  63
   1   1   1   1     1     0  -1.3711
   1   1   1   2     1     0  -0.5471
   1   2   1   2     1     0  -6.3034
   1   1   2   2     1     0   0.6996
   1   2   2   2     1     0  -2.4644
   2   2   2   2     1     0  -1.5813
   1   3   2   2     1     0   1.0683
   1   1   1   3     1     0  -0.3859
   1   2   1   3     1     0  -1.6549
   1   3   1   3     1     0  -4.1594
   1   1   3   3     1     0   0.0266
   1   2   3   3     1     0  -2.0387
   2   2   3   3     1     0  -1.1390
   1   3   3   3     1     0  -1.2112
   3   3   3   3     1     0  -3.1613
   1   2   1   2     2     0  -3.7063
   1   2   1   3     2     0   0.2744
   1   3   1   3     2     0  -1.7628
   1   2   2   3     2     0  -0.0938
   1   3   2   3     2     0  -2.0021
   2   3   2   3     2     0  -1.4024
   1   1   1   1     3     0  -2.7945
   1   1   1   2     3     0  -1.9704
   1   2   1   2     3     0  -0.5210
   1   1   2   2     3     0   1.8359
   1   2   2   2     3     0  -2.1525
   2   2   2   2     3     0  -1.4545
   1   1   2   3     3     0   0.1828
   1   2   2   3     3     0  -1.1658
   2   2   2   3     3     0  -1.2034
   2   3   2   3     3     0  -3.7397
   1   2   1   2     4     0  -4.3660
   2   2   2   2     5     0  -4.0941
   1   1   1   1     0     1  -2.1165
   1   1   2   2     0     1  -3.0865
   2   2   2   2     0     1  -2.7320
   1   1   3   3     0     1  -1.0498
   2   2   3   3     0     1  -1.2835
   3   3   3   3     0     1  -2.0585
   1   2   1   2     1     1   1.0012
   1   2   1   3     1     1   0.1816
   1   3   1   3     1     1   0.5877
   1   1   1   1     2     1  -0.0644
   1   1   1   2     2     1   0.5958
   1   2   1   2     2     1  -0.3147
   1   1   2   2     2     1  -1.5716
   1   2   2   2     2     1   0.2740
   2   2   2   2     2     1  -0.9708
   1   3   2   2     2     1   0.6005
   1   1   1   3     2     1   0.4994
   1   2   1   3     2     1  -0.5084
   1   3   1   3     2     1  -0.3938
   1   1   2   3     2     1  -0.3915
   1   2   2   3     2     1   0.4622
   2   2   2   3     2     1  -0.8348
   1   3   2   3     2     1   1.8806
   2   3   2   3     2     1  -0.7928
   1   2   1   2     3     1   0.5711
   1   2   2   3     3     1  -0.6531
   2   3   2   3     3     1   0.7389
   1   2   1   2     4     1  -1.4046
   1   2   2   2     4     1   1.1978
   2   2   2   2     4     1  -0.1590
