      1      1      1      1           6           0  0.55948247811861862     
      1      1      1      1           4           0  -3.7220055846896929     
      1      1      1      1           2           0   2.8316510569826123     
      1      1      1      1           0           0  -6.5282815000000021     
      1      1      1      2           6           0  -1.8344857052981651     
      1      1      1      2           4           0   2.4059985461945668     
      1      1      1      2           2           0  -2.4023306639444590     
      1      1      1      3           4           0  0.80409809028411627     
      1      1      1      3           2           0 -0.44746350847296723     
      1      1      2      1           6           0  -1.8344857052981651     
      1      1      2      1           4           0   2.4059985461945668     
      1      1      2      1           2           0  -2.4023306639444590     
      1      1      2      2           8           0  -4.4765858281452564     
      1      1      2      2           6           0   3.0637286300107212     
      1      1      2      2           4           0  -4.1765599519446583     
      1      1      2      2           2           0 -0.26422521098060914     
      1      1      2      3           4           0 -0.70000625892206791     
      1      1      2      3           2           0  0.10108050324335999     
      1      1      3      1           4           0  0.80409809028411638     
      1      1      3      1           2           0 -0.44746350847296723     
      1      1      3      2           4           0 -0.70000625892206791     
      1      1      3      2           2           0  0.10108050324335999     
      1      1      3      3           4           0 -0.85819051469511232     
      1      1      3      3           2           0 -0.60637743496879759     
      1      2      1      1           6           0   1.8344857052981649     
      1      2      1      1           4           0  -2.4059985461945677     
      1      2      1      1           2           0   2.4023306639444595     
      1      2      1      2           6           0   2.1630214075930172     
      1      2      1      2           4           0  -5.4408047963114239     
      1      2      1      2           2           0   1.4194549632667708     
      1      2      1      2           0           0  -8.9402212499644005     
      1      2      1      3           6           0  -1.1010089954701781     
      1      2      1      3           4           0 -0.69580785090641240     
      1      2      2      1           8           0   7.5794695982142875     
      1      2      2      1           6           0  -1.0423822592974386     
      1      2      2      1           4           0   2.1678697941958842     
      1      2      2      1           2           0  -3.6029631594694647     
      1      2      2      2           8           0   3.7690738868684828     
      1      2      2      2           6           0  -1.9293348910714310     
      1      2      2      2           4           0   3.5576009596680329     
      1      2      2      2           2           0   1.1769481887607054     
      1      2      2      3           6           0  -1.1903522283483410     
      1      2      2      3           4           0   2.1312706352531556     
      1      2      3      1           4           0  0.39557841479624678     
      1      2      3      1           2           0   1.7716547210349813     
      1      2      3      2           4           0  0.89904159431400321     
      1      2      3      2           2           0 -0.19485007962940593     
      1      2      3      3           4           0   2.4969241116521750     
      1      3      1      1           4           0 -0.80409809028411616     
      1      3      1      1           2           0  0.44746350847296751     
      1      3      1      2           6           0  -1.1010089954701778     
      1      3      1      2           4           0 -0.69580785090641251     
      1      3      1      3           2           0 -0.96889107948597508     
      1      3      1      3           0           0  -3.8003164041090711     
      1      3      2      1           4           0  0.39557841479624606     
      1      3      2      1           2           0   1.7716547210349811     
      1      3      2      2           6           0  0.52010040109537947     
      1      3      2      2           4           0   1.5306607540779333     
      1      3      2      3           2           0  0.13583889356513490     
      1      3      3      1           4           0   4.3632668363280640     
      1      3      3      1           2           0 -0.45423595345006251     
      1      3      3      2           4           0   4.3410062205950579     
      1      3      3      3           2           0  -1.4834158872089780     
      2      1      1      1           6           0   1.8344857052981649     
      2      1      1      1           4           0  -2.4059985461945672     
      2      1      1      1           2           0   2.4023306639444595     
      2      1      1      2           8           0   7.5794695982142875     
      2      1      1      2           6           0  -1.0423822592974383     
      2      1      1      2           4           0   2.1678697941958842     
      2      1      1      2           2           0  -3.6029631594694642     
      2      1      1      3           4           0  0.39557841479624656     
      2      1      1      3           2           0   1.7716547210349813     
      2      1      2      1           6           0   2.1630214075930172     
      2      1      2      1           4           0  -5.4408047963114239     
      2      1      2      1           2           0   1.4194549632667719     
      2      1      2      1           0           0  -8.9402212499643987     
      2      1      2      2           8           0   3.7690738868684828     
      2      1      2      2           6           0  -1.9293348910714307     
      2      1      2      2           4           0   3.5576009596680329     
      2      1      2      2           2           0   1.1769481887607054     
      2      1      2      3           4           0  0.89904159431400332     
      2      1      2      3           2           0 -0.19485007962940593     
      2      1      3      1           6           0  -1.1010089954701781     
      2      1      3      1           4           0 -0.69580785090641240     
      2      1      3      2           6           0  -1.1903522283483410     
      2      1      3      2           4           0   2.1312706352531556     
      2      1      3      3           4           0   2.4969241116521750     
      2      2      1      1           8           0  -4.4765858281452555     
      2      2      1      1           6           0   3.0637286300107220     
      2      2      1      1           4           0  -4.1765599519446592     
      2      2      1      1           2           0 -0.26422521098060825     
      2      2      1      2           8           0  -3.7690738868684823     
      2      2      1      2           6           0   1.9293348910714305     
      2      2      1      2           4           0  -3.5576009596680334     
      2      2      1      2           2           0  -1.1769481887607045     
      2      2      1      3           6           0 -0.52010040109537969     
      2      2      1      3           4           0  -1.5306607540779327     
      2      2      2      1           8           0  -3.7690738868684828     
      2      2      2      1           6           0   1.9293348910714307     
      2      2      2      1           4           0  -3.5576009596680338     
      2      2      2      1           2           0  -1.1769481887607043     
      2      2      2      2          10           0  0.10969410096105242     
      2      2      2      2           8           0  -2.5334353809523811     
      2      2      2      2           6           0   2.7922593783534788     
      2      2      2      2           4           0  -6.5164224301006959     
      2      2      2      2           2           0   5.4989861571407488     
      2      2      2      2           0           0  -11.496299833333335     
      2      2      2      3           6           0  -1.7449556482445283E-002
      2      2      2      3           4           0  -2.6096205740901430     
      2      2      3      1           6           0 -0.52010040109537969     
      2      2      3      1           4           0  -1.5306607540779327     
      2      2      3      2           6           0  -1.7449556482445283E-002
      2      2      3      2           4           0  -2.6096205740901430     
      2      2      3      3           6           0  0.29318897648571529     
      2      2      3      3           4           0  -2.3352691889390953     
      2      3      1      1           4           0 -0.70000625892206814     
      2      3      1      1           2           0  0.10108050324335993     
      2      3      1      2           6           0   1.1903522283483412     
      2      3      1      2           4           0  -2.1312706352531556     
      2      3      1      3           2           0 -0.13583889356513490     
      2      3      2      1           4           0 -0.89904159431400332     
      2      3      2      1           2           0  0.19485007962940581     
      2      3      2      2           6           0  -1.7449556482445727E-002
      2      3      2      2           4           0  -2.6096205740901435     
      2      3      2      3           2           0  0.68793672488577173     
      2      3      2      3           0           0  -4.6161843030589340     
      2      3      3      1           4           0  -4.3410062205950588     
      2      3      3      2           6           0   1.6593739926751141     
      2      3      3      2           4           0  -5.7281575123019879     
      3      1      1      1           4           0 -0.80409809028411616     
      3      1      1      1           2           0  0.44746350847296751     
      3      1      1      2           4           0  0.39557841479624606     
      3      1      1      2           2           0   1.7716547210349811     
      3      1      1      3           4           0   4.3632668363280640     
      3      1      1      3           2           0 -0.45423595345006251     
      3      1      2      1           6           0  -1.1010089954701778     
      3      1      2      1           4           0 -0.69580785090641251     
      3      1      2      2           6           0  0.52010040109537947     
      3      1      2      2           4           0   1.5306607540779333     
      3      1      2      3           4           0   4.3410062205950579     
      3      1      3      1           2           0 -0.96889107948597508     
      3      1      3      1           0           0  -3.8003164041090711     
      3      1      3      2           2           0  0.13583889356513490     
      3      1      3      3           2           0  -1.4834158872089780     
      3      2      1      1           4           0 -0.70000625892206814     
      3      2      1      1           2           0  0.10108050324335993     
      3      2      1      2           4           0 -0.89904159431400332     
      3      2      1      2           2           0  0.19485007962940581     
      3      2      1      3           4           0  -4.3410062205950588     
      3      2      2      1           6           0   1.1903522283483412     
      3      2      2      1           4           0  -2.1312706352531565     
      3      2      2      2           6           0  -1.7449556482445727E-002
      3      2      2      2           4           0  -2.6096205740901439     
      3      2      2      3           6           0   1.6593739926751141     
      3      2      2      3           4           0  -5.7281575123019879     
      3      2      3      1           2           0 -0.13583889356513490     
      3      2      3      2           2           0  0.68793672488577251     
      3      2      3      2           0           0  -4.6161843030589331     
      3      3      1      1           4           0 -0.85819051469511209     
      3      3      1      1           2           0 -0.60637743496879748     
      3      3      1      2           4           0  -2.4969241116521750     
      3      3      1      3           2           0   1.4834158872089780     
      3      3      2      1           4           0  -2.4969241116521750     
      3      3      2      2           6           0  0.29318897648571540     
      3      3      2      2           4           0  -2.3352691889390949     
      3      3      3      1           2           0   1.4834158872089780     
      3      3      3      3           2           0  0.95504069093782595     
      3      3      3      3           0           0  -5.7711690000000013     
      1      1      1      1           6           0  0.55948247811861862     
      1      1      1      1           4           0  -3.7220055846896929     
      1      1      1      1           2           0   2.8316510569826123     
      1      1      1      1           0           0  -6.5282815000000021     
      1      1      1      2           6           0  -1.8344857052981651     
      1      1      1      2           4           0   2.4059985461945668     
      1      1      1      2           2           0  -2.4023306639444590     
      1      1      1      3           4           0  0.80409809028411627     
      1      1      1      3           2           0 -0.44746350847296723     
      1      1      2      1           6           0  -1.8344857052981651     
      1      1      2      1           4           0   2.4059985461945668     
      1      1      2      1           2           0  -2.4023306639444590     
      1      1      2      2           8           0  -4.4765858281452564     
      1      1      2      2           6           0   3.0637286300107212     
      1      1      2      2           4           0  -4.1765599519446583     
      1      1      2      2           2           0 -0.26422521098060914     
      1      1      2      3           4           0 -0.70000625892206791     
      1      1      2      3           2           0  0.10108050324335999     
      1      1      3      1           4           0  0.80409809028411638     
      1      1      3      1           2           0 -0.44746350847296723     
      1      1      3      2           4           0 -0.70000625892206791     
      1      1      3      2           2           0  0.10108050324335999     
      1      1      3      3           4           0 -0.85819051469511232     
      1      1      3      3           2           0 -0.60637743496879759     
      1      2      1      1           6           0   1.8344857052981649     
      1      2      1      1           4           0  -2.4059985461945677     
      1      2      1      1           2           0   2.4023306639444595     
      1      2      1      2           6           0   2.1630214075930172     
      1      2      1      2           4           0  -5.4408047963114239     
      1      2      1      2           2           0   1.4194549632667708     
      1      2      1      2           0           0  -8.9402212499644005     
      1      2      1      3           6           0  -1.1010089954701781     
      1      2      1      3           4           0 -0.69580785090641240     
      1      2      2      1           8           0   7.5794695982142875     
      1      2      2      1           6           0  -1.0423822592974386     
      1      2      2      1           4           0   2.1678697941958842     
      1      2      2      1           2           0  -3.6029631594694647     
      1      2      2      2           8           0   3.7690738868684828     
      1      2      2      2           6           0  -1.9293348910714310     
      1      2      2      2           4           0   3.5576009596680329     
      1      2      2      2           2           0   1.1769481887607054     
      1      2      2      3           6           0  -1.1903522283483410     
      1      2      2      3           4           0   2.1312706352531556     
      1      2      3      1           4           0  0.39557841479624678     
      1      2      3      1           2           0   1.7716547210349813     
      1      2      3      2           4           0  0.89904159431400321     
      1      2      3      2           2           0 -0.19485007962940593     
      1      2      3      3           4           0   2.4969241116521750     
      1      3      1      1           4           0 -0.80409809028411616     
      1      3      1      1           2           0  0.44746350847296751     
      1      3      1      2           6           0  -1.1010089954701778     
      1      3      1      2           4           0 -0.69580785090641251     
      1      3      1      3           2           0 -0.96889107948597508     
      1      3      1      3           0           0  -3.8003164041090711     
      1      3      2      1           4           0  0.39557841479624606     
      1      3      2      1           2           0   1.7716547210349811     
      1      3      2      2           6           0  0.52010040109537947     
      1      3      2      2           4           0   1.5306607540779333     
      1      3      2      3           2           0  0.13583889356513490     
      1      3      3      1           4           0   4.3632668363280640     
      1      3      3      1           2           0 -0.45423595345006251     
      1      3      3      2           4           0   4.3410062205950579     
      1      3      3      3           2           0  -1.4834158872089780     
      2      1      1      1           6           0   1.8344857052981649     
      2      1      1      1           4           0  -2.4059985461945672     
      2      1      1      1           2           0   2.4023306639444595     
      2      1      1      2           8           0   7.5794695982142875     
      2      1      1      2           6           0  -1.0423822592974383     
      2      1      1      2           4           0   2.1678697941958842     
      2      1      1      2           2           0  -3.6029631594694642     
      2      1      1      3           4           0  0.39557841479624656     
      2      1      1      3           2           0   1.7716547210349813     
      2      1      2      1           6           0   2.1630214075930172     
      2      1      2      1           4           0  -5.4408047963114239     
      2      1      2      1           2           0   1.4194549632667719     
      2      1      2      1           0           0  -8.9402212499643987     
      2      1      2      2           8           0   3.7690738868684828     
      2      1      2      2           6           0  -1.9293348910714307     
      2      1      2      2           4           0   3.5576009596680329     
      2      1      2      2           2           0   1.1769481887607054     
      2      1      2      3           4           0  0.89904159431400332     
      2      1      2      3           2           0 -0.19485007962940593     
      2      1      3      1           6           0  -1.1010089954701781     
      2      1      3      1           4           0 -0.69580785090641240     
      2      1      3      2           6           0  -1.1903522283483410     
      2      1      3      2           4           0   2.1312706352531556     
      2      1      3      3           4           0   2.4969241116521750     
      2      2      1      1           8           0  -4.4765858281452555     
      2      2      1      1           6           0   3.0637286300107220     
      2      2      1      1           4           0  -4.1765599519446592     
      2      2      1      1           2           0 -0.26422521098060825     
      2      2      1      2           8           0  -3.7690738868684823     
      2      2      1      2           6           0   1.9293348910714305     
      2      2      1      2           4           0  -3.5576009596680334     
      2      2      1      2           2           0  -1.1769481887607045     
      2      2      1      3           6           0 -0.52010040109537969     
      2      2      1      3           4           0  -1.5306607540779327     
      2      2      2      1           8           0  -3.7690738868684828     
      2      2      2      1           6           0   1.9293348910714307     
      2      2      2      1           4           0  -3.5576009596680338     
      2      2      2      1           2           0  -1.1769481887607043     
      2      2      2      2          10           0  0.10969410096105242     
      2      2      2      2           8           0  -2.5334353809523811     
      2      2      2      2           6           0   2.7922593783534788     
      2      2      2      2           4           0  -6.5164224301006959     
      2      2      2      2           2           0   5.4989861571407488     
      2      2      2      2           0           0  -11.496299833333335     
      2      2      2      3           6           0  -1.7449556482445283E-002
      2      2      2      3           4           0  -2.6096205740901430     
      2      2      3      1           6           0 -0.52010040109537969     
      2      2      3      1           4           0  -1.5306607540779327     
      2      2      3      2           6           0  -1.7449556482445283E-002
      2      2      3      2           4           0  -2.6096205740901430     
      2      2      3      3           6           0  0.29318897648571529     
      2      2      3      3           4           0  -2.3352691889390953     
      2      3      1      1           4           0 -0.70000625892206814     
      2      3      1      1           2           0  0.10108050324335993     
      2      3      1      2           6           0   1.1903522283483412     
      2      3      1      2           4           0  -2.1312706352531556     
      2      3      1      3           2           0 -0.13583889356513490     
      2      3      2      1           4           0 -0.89904159431400332     
      2      3      2      1           2           0  0.19485007962940581     
      2      3      2      2           6           0  -1.7449556482445727E-002
      2      3      2      2           4           0  -2.6096205740901435     
      2      3      2      3           2           0  0.68793672488577173     
      2      3      2      3           0           0  -4.6161843030589340     
      2      3      3      1           4           0  -4.3410062205950588     
      2      3      3      2           6           0   1.6593739926751141     
      2      3      3      2           4           0  -5.7281575123019879     
      3      1      1      1           4           0 -0.80409809028411616     
      3      1      1      1           2           0  0.44746350847296751     
      3      1      1      2           4           0  0.39557841479624606     
      3      1      1      2           2           0   1.7716547210349811     
      3      1      1      3           4           0   4.3632668363280640     
      3      1      1      3           2           0 -0.45423595345006251     
      3      1      2      1           6           0  -1.1010089954701778     
      3      1      2      1           4           0 -0.69580785090641251     
      3      1      2      2           6           0  0.52010040109537947     
      3      1      2      2           4           0   1.5306607540779333     
      3      1      2      3           4           0   4.3410062205950579     
      3      1      3      1           2           0 -0.96889107948597508     
      3      1      3      1           0           0  -3.8003164041090711     
      3      1      3      2           2           0  0.13583889356513490     
      3      1      3      3           2           0  -1.4834158872089780     
      3      2      1      1           4           0 -0.70000625892206814     
      3      2      1      1           2           0  0.10108050324335993     
      3      2      1      2           4           0 -0.89904159431400332     
      3      2      1      2           2           0  0.19485007962940581     
      3      2      1      3           4           0  -4.3410062205950588     
      3      2      2      1           6           0   1.1903522283483412     
      3      2      2      1           4           0  -2.1312706352531565     
      3      2      2      2           6           0  -1.7449556482445727E-002
      3      2      2      2           4           0  -2.6096205740901439     
      3      2      2      3           6           0   1.6593739926751141     
      3      2      2      3           4           0  -5.7281575123019879     
      3      2      3      1           2           0 -0.13583889356513490     
      3      2      3      2           2           0  0.68793672488577251     
      3      2      3      2           0           0  -4.6161843030589331     
      3      3      1      1           4           0 -0.85819051469511209     
      3      3      1      1           2           0 -0.60637743496879748     
      3      3      1      2           4           0  -2.4969241116521750     
      3      3      1      3           2           0   1.4834158872089780     
      3      3      2      1           4           0  -2.4969241116521750     
      3      3      2      2           6           0  0.29318897648571540     
      3      3      2      2           4           0  -2.3352691889390949     
      3      3      3      1           2           0   1.4834158872089780     
      3      3      3      3           2           0  0.95504069093782595     
      3      3      3      3           0           0  -5.7711690000000013     
         336          10
   1   1   4   4   0   0   0   0 -6.5283   1   1
   1   1   4   4   2   0   0   0  2.8317   1   1
   1   1   4   4   4   0   0   0 -3.7220   1   1
   1   1   4   4   6   0   0   0  0.5595   1   1
   1   1   4   5   2   0   0   0 -2.4023   1   1
   1   1   4   5   4   0   0   0  2.4060   1   1
   1   1   4   5   6   0   0   0 -1.8345   1   1
   1   1   4   6   2   0   0   0 -0.4475   1   1
   1   1   4   6   4   0   0   0  0.8041   1   1
   1   1   5   4   2   0   0   0  2.4023   1   1
   1   1   5   4   4   0   0   0 -2.4060   1   1
   1   1   5   4   6   0   0   0  1.8345   1   1
   1   1   5   5   0   0   0   0 -8.9402   1   1
   1   1   5   5   2   0   0   0  1.4195   1   1
   1   1   5   5   4   0   0   0 -5.4408   1   1
   1   1   5   5   6   0   0   0  2.1630   1   1
   1   1   5   6   4   0   0   0 -0.6958   1   1
   1   1   5   6   6   0   0   0 -1.1010   1   1
   1   1   6   4   2   0   0   0  0.4475   1   1
   1   1   6   4   4   0   0   0 -0.8041   1   1
   1   1   6   5   4   0   0   0 -0.6958   1   1
   1   1   6   5   6   0   0   0 -1.1010   1   1
   1   1   6   6   0   0   0   0 -3.8003   1   1
   1   1   6   6   2   0   0   0 -0.9689   1   1
   1   2   4   4   2   0   0   0 -2.4023   1   1
   1   2   4   4   4   0   0   0  2.4060   1   1
   1   2   4   4   6   0   0   0 -1.8345   1   1
   1   2   4   5   2   0   0   0 -0.2642   1   1
   1   2   4   5   4   0   0   0 -4.1766   1   1
   1   2   4   5   6   0   0   0  3.0637   1   1
   1   2   4   5   8   0   0   0 -4.4766   1   1
   1   2   4   6   2   0   0   0  0.1011   1   1
   1   2   4   6   4   0   0   0 -0.7000   1   1
   1   2   5   4   2   0   0   0 -3.6030   1   1
   1   2   5   4   4   0   0   0  2.1679   1   1
   1   2   5   4   6   0   0   0 -1.0424   1   1
   1   2   5   4   8   0   0   0  7.5795   1   1
   1   2   5   5   2   0   0   0  1.1769   1   1
   1   2   5   5   4   0   0   0  3.5576   1   1
   1   2   5   5   6   0   0   0 -1.9293   1   1
   1   2   5   5   8   0   0   0  3.7691   1   1
   1   2   5   6   4   0   0   0  2.1313   1   1
   1   2   5   6   6   0   0   0 -1.1904   1   1
   1   2   6   4   2   0   0   0  1.7717   1   1
   1   2   6   4   4   0   0   0  0.3956   1   1
   1   2   6   5   4   0   0   0  1.5307   1   1
   1   2   6   5   6   0   0   0  0.5201   1   1
   1   2   6   6   2   0   0   0  0.1358   1   1
   1   3   4   4   2   0   0   0 -0.4475   1   1
   1   3   4   4   4   0   0   0  0.8041   1   1
   1   3   4   5   2   0   0   0  0.1011   1   1
   1   3   4   5   4   0   0   0 -0.7000   1   1
   1   3   4   6   2   0   0   0 -0.6064   1   1
   1   3   4   6   4   0   0   0 -0.8582   1   1
   1   3   5   4   2   0   0   0  1.7717   1   1
   1   3   5   4   4   0   0   0  0.3956   1   1
   1   3   5   5   2   0   0   0 -0.1949   1   1
   1   3   5   5   4   0   0   0  0.8990   1   1
   1   3   5   6   4   0   0   0  2.4969   1   1
   1   3   6   4   2   0   0   0 -0.4542   1   1
   1   3   6   4   4   0   0   0  4.3633   1   1
   1   3   6   5   4   0   0   0  4.3410   1   1
   1   3   6   6   2   0   0   0 -1.4834   1   1
   2   1   4   4   2   0   0   0  2.4023   1   1
   2   1   4   4   4   0   0   0 -2.4060   1   1
   2   1   4   4   6   0   0   0  1.8345   1   1
   2   1   4   5   2   0   0   0 -3.6030   1   1
   2   1   4   5   4   0   0   0  2.1679   1   1
   2   1   4   5   6   0   0   0 -1.0424   1   1
   2   1   4   5   8   0   0   0  7.5795   1   1
   2   1   4   6   2   0   0   0  1.7717   1   1
   2   1   4   6   4   0   0   0  0.3956   1   1
   2   1   5   4   2   0   0   0 -0.2642   1   1
   2   1   5   4   4   0   0   0 -4.1766   1   1
   2   1   5   4   6   0   0   0  3.0637   1   1
   2   1   5   4   8   0   0   0 -4.4766   1   1
   2   1   5   5   2   0   0   0 -1.1769   1   1
   2   1   5   5   4   0   0   0 -3.5576   1   1
   2   1   5   5   6   0   0   0  1.9293   1   1
   2   1   5   5   8   0   0   0 -3.7691   1   1
   2   1   5   6   4   0   0   0 -1.5307   1   1
   2   1   5   6   6   0   0   0 -0.5201   1   1
   2   1   6   4   2   0   0   0  0.1011   1   1
   2   1   6   4   4   0   0   0 -0.7000   1   1
   2   1   6   5   4   0   0   0 -2.1313   1   1
   2   1   6   5   6   0   0   0  1.1904   1   1
   2   1   6   6   2   0   0   0 -0.1358   1   1
   2   2   4   4   0   0   0   0 -8.9402   1   1
   2   2   4   4   2   0   0   0  1.4195   1   1
   2   2   4   4   4   0   0   0 -5.4408   1   1
   2   2   4   4   6   0   0   0  2.1630   1   1
   2   2   4   5   2   0   0   0  1.1769   1   1
   2   2   4   5   4   0   0   0  3.5576   1   1
   2   2   4   5   6   0   0   0 -1.9293   1   1
   2   2   4   5   8   0   0   0  3.7691   1   1
   2   2   4   6   2   0   0   0 -0.1949   1   1
   2   2   4   6   4   0   0   0  0.8990   1   1
   2   2   5   4   2   0   0   0 -1.1769   1   1
   2   2   5   4   4   0   0   0 -3.5576   1   1
   2   2   5   4   6   0   0   0  1.9293   1   1
   2   2   5   4   8   0   0   0 -3.7691   1   1
   2   2   5   5   0   0   0   0-11.4963   1   1
   2   2   5   5   2   0   0   0  5.4990   1   1
   2   2   5   5   4   0   0   0 -6.5164   1   1
   2   2   5   5   6   0   0   0  2.7923   1   1
   2   2   5   5   8   0   0   0 -2.5334   1   1
   2   2   5   5  10   0   0   0  0.1097   1   1
   2   2   5   6   4   0   0   0 -2.6096   1   1
   2   2   5   6   6   0   0   0 -0.0174   1   1
   2   2   6   4   2   0   0   0  0.1949   1   1
   2   2   6   4   4   0   0   0 -0.8990   1   1
   2   2   6   5   4   0   0   0 -2.6096   1   1
   2   2   6   5   6   0   0   0 -0.0174   1   1
   2   2   6   6   0   0   0   0 -4.6162   1   1
   2   2   6   6   2   0   0   0  0.6879   1   1
   2   3   4   4   4   0   0   0 -0.6958   1   1
   2   3   4   4   6   0   0   0 -1.1010   1   1
   2   3   4   5   4   0   0   0  2.1313   1   1
   2   3   4   5   6   0   0   0 -1.1904   1   1
   2   3   4   6   4   0   0   0  2.4969   1   1
   2   3   5   4   4   0   0   0 -1.5307   1   1
   2   3   5   4   6   0   0   0 -0.5201   1   1
   2   3   5   5   4   0   0   0 -2.6096   1   1
   2   3   5   5   6   0   0   0 -0.0174   1   1
   2   3   5   6   4   0   0   0 -2.3353   1   1
   2   3   5   6   6   0   0   0  0.2932   1   1
   2   3   6   4   4   0   0   0 -4.3410   1   1
   2   3   6   5   4   0   0   0 -5.7282   1   1
   2   3   6   5   6   0   0   0  1.6594   1   1
   3   1   4   4   2   0   0   0  0.4475   1   1
   3   1   4   4   4   0   0   0 -0.8041   1   1
   3   1   4   5   2   0   0   0  1.7717   1   1
   3   1   4   5   4   0   0   0  0.3956   1   1
   3   1   4   6   2   0   0   0 -0.4542   1   1
   3   1   4   6   4   0   0   0  4.3633   1   1
   3   1   5   4   2   0   0   0  0.1011   1   1
   3   1   5   4   4   0   0   0 -0.7000   1   1
   3   1   5   5   2   0   0   0  0.1949   1   1
   3   1   5   5   4   0   0   0 -0.8990   1   1
   3   1   5   6   4   0   0   0 -4.3410   1   1
   3   1   6   4   2   0   0   0 -0.6064   1   1
   3   1   6   4   4   0   0   0 -0.8582   1   1
   3   1   6   5   4   0   0   0 -2.4969   1   1
   3   1   6   6   2   0   0   0  1.4834   1   1
   3   2   4   4   4   0   0   0 -0.6958   1   1
   3   2   4   4   6   0   0   0 -1.1010   1   1
   3   2   4   5   4   0   0   0  1.5307   1   1
   3   2   4   5   6   0   0   0  0.5201   1   1
   3   2   4   6   4   0   0   0  4.3410   1   1
   3   2   5   4   4   0   0   0 -2.1313   1   1
   3   2   5   4   6   0   0   0  1.1904   1   1
   3   2   5   5   4   0   0   0 -2.6096   1   1
   3   2   5   5   6   0   0   0 -0.0174   1   1
   3   2   5   6   4   0   0   0 -5.7282   1   1
   3   2   5   6   6   0   0   0  1.6594   1   1
   3   2   6   4   4   0   0   0 -2.4969   1   1
   3   2   6   5   4   0   0   0 -2.3353   1   1
   3   2   6   5   6   0   0   0  0.2932   1   1
   3   3   4   4   0   0   0   0 -3.8003   1   1
   3   3   4   4   2   0   0   0 -0.9689   1   1
   3   3   4   5   2   0   0   0  0.1358   1   1
   3   3   4   6   2   0   0   0 -1.4834   1   1
   3   3   5   4   2   0   0   0 -0.1358   1   1
   3   3   5   5   0   0   0   0 -4.6162   1   1
   3   3   5   5   2   0   0   0  0.6879   1   1
   3   3   6   4   2   0   0   0  1.4834   1   1
   3   3   6   6   0   0   0   0 -5.7712   1   1
   3   3   6   6   2   0   0   0  0.9550   1   1
   4   4   1   1   0   0   0   0 -6.5283   1   1
   4   4   1   1   2   0   0   0  2.8317   1   1
   4   4   1   1   4   0   0   0 -3.7220   1   1
   4   4   1   1   6   0   0   0  0.5595   1   1
   4   4   1   2   2   0   0   0 -2.4023   1   1
   4   4   1   2   4   0   0   0  2.4060   1   1
   4   4   1   2   6   0   0   0 -1.8345   1   1
   4   4   1   3   2   0   0   0 -0.4475   1   1
   4   4   1   3   4   0   0   0  0.8041   1   1
   4   4   2   1   2   0   0   0  2.4023   1   1
   4   4   2   1   4   0   0   0 -2.4060   1   1
   4   4   2   1   6   0   0   0  1.8345   1   1
   4   4   2   2   0   0   0   0 -8.9402   1   1
   4   4   2   2   2   0   0   0  1.4195   1   1
   4   4   2   2   4   0   0   0 -5.4408   1   1
   4   4   2   2   6   0   0   0  2.1630   1   1
   4   4   2   3   4   0   0   0 -0.6958   1   1
   4   4   2   3   6   0   0   0 -1.1010   1   1
   4   4   3   1   2   0   0   0  0.4475   1   1
   4   4   3   1   4   0   0   0 -0.8041   1   1
   4   4   3   2   4   0   0   0 -0.6958   1   1
   4   4   3   2   6   0   0   0 -1.1010   1   1
   4   4   3   3   0   0   0   0 -3.8003   1   1
   4   4   3   3   2   0   0   0 -0.9689   1   1
   4   5   1   1   2   0   0   0 -2.4023   1   1
   4   5   1   1   4   0   0   0  2.4060   1   1
   4   5   1   1   6   0   0   0 -1.8345   1   1
   4   5   1   2   2   0   0   0 -0.2642   1   1
   4   5   1   2   4   0   0   0 -4.1766   1   1
   4   5   1   2   6   0   0   0  3.0637   1   1
   4   5   1   2   8   0   0   0 -4.4766   1   1
   4   5   1   3   2   0   0   0  0.1011   1   1
   4   5   1   3   4   0   0   0 -0.7000   1   1
   4   5   2   1   2   0   0   0 -3.6030   1   1
   4   5   2   1   4   0   0   0  2.1679   1   1
   4   5   2   1   6   0   0   0 -1.0424   1   1
   4   5   2   1   8   0   0   0  7.5795   1   1
   4   5   2   2   2   0   0   0  1.1769   1   1
   4   5   2   2   4   0   0   0  3.5576   1   1
   4   5   2   2   6   0   0   0 -1.9293   1   1
   4   5   2   2   8   0   0   0  3.7691   1   1
   4   5   2   3   4   0   0   0  2.1313   1   1
   4   5   2   3   6   0   0   0 -1.1904   1   1
   4   5   3   1   2   0   0   0  1.7717   1   1
   4   5   3   1   4   0   0   0  0.3956   1   1
   4   5   3   2   4   0   0   0  1.5307   1   1
   4   5   3   2   6   0   0   0  0.5201   1   1
   4   5   3   3   2   0   0   0  0.1358   1   1
   4   6   1   1   2   0   0   0 -0.4475   1   1
   4   6   1   1   4   0   0   0  0.8041   1   1
   4   6   1   2   2   0   0   0  0.1011   1   1
   4   6   1   2   4   0   0   0 -0.7000   1   1
   4   6   1   3   2   0   0   0 -0.6064   1   1
   4   6   1   3   4   0   0   0 -0.8582   1   1
   4   6   2   1   2   0   0   0  1.7717   1   1
   4   6   2   1   4   0   0   0  0.3956   1   1
   4   6   2   2   2   0   0   0 -0.1949   1   1
   4   6   2   2   4   0   0   0  0.8990   1   1
   4   6   2   3   4   0   0   0  2.4969   1   1
   4   6   3   1   2   0   0   0 -0.4542   1   1
   4   6   3   1   4   0   0   0  4.3633   1   1
   4   6   3   2   4   0   0   0  4.3410   1   1
   4   6   3   3   2   0   0   0 -1.4834   1   1
   5   4   1   1   2   0   0   0  2.4023   1   1
   5   4   1   1   4   0   0   0 -2.4060   1   1
   5   4   1   1   6   0   0   0  1.8345   1   1
   5   4   1   2   2   0   0   0 -3.6030   1   1
   5   4   1   2   4   0   0   0  2.1679   1   1
   5   4   1   2   6   0   0   0 -1.0424   1   1
   5   4   1   2   8   0   0   0  7.5795   1   1
   5   4   1   3   2   0   0   0  1.7717   1   1
   5   4   1   3   4   0   0   0  0.3956   1   1
   5   4   2   1   2   0   0   0 -0.2642   1   1
   5   4   2   1   4   0   0   0 -4.1766   1   1
   5   4   2   1   6   0   0   0  3.0637   1   1
   5   4   2   1   8   0   0   0 -4.4766   1   1
   5   4   2   2   2   0   0   0 -1.1769   1   1
   5   4   2   2   4   0   0   0 -3.5576   1   1
   5   4   2   2   6   0   0   0  1.9293   1   1
   5   4   2   2   8   0   0   0 -3.7691   1   1
   5   4   2   3   4   0   0   0 -1.5307   1   1
   5   4   2   3   6   0   0   0 -0.5201   1   1
   5   4   3   1   2   0   0   0  0.1011   1   1
   5   4   3   1   4   0   0   0 -0.7000   1   1
   5   4   3   2   4   0   0   0 -2.1313   1   1
   5   4   3   2   6   0   0   0  1.1904   1   1
   5   4   3   3   2   0   0   0 -0.1358   1   1
   5   5   1   1   0   0   0   0 -8.9402   1   1
   5   5   1   1   2   0   0   0  1.4195   1   1
   5   5   1   1   4   0   0   0 -5.4408   1   1
   5   5   1   1   6   0   0   0  2.1630   1   1
   5   5   1   2   2   0   0   0  1.1769   1   1
   5   5   1   2   4   0   0   0  3.5576   1   1
   5   5   1   2   6   0   0   0 -1.9293   1   1
   5   5   1   2   8   0   0   0  3.7691   1   1
   5   5   1   3   2   0   0   0 -0.1949   1   1
   5   5   1   3   4   0   0   0  0.8990   1   1
   5   5   2   1   2   0   0   0 -1.1769   1   1
   5   5   2   1   4   0   0   0 -3.5576   1   1
   5   5   2   1   6   0   0   0  1.9293   1   1
   5   5   2   1   8   0   0   0 -3.7691   1   1
   5   5   2   2   0   0   0   0-11.4963   1   1
   5   5   2   2   2   0   0   0  5.4990   1   1
   5   5   2   2   4   0   0   0 -6.5164   1   1
   5   5   2   2   6   0   0   0  2.7923   1   1
   5   5   2   2   8   0   0   0 -2.5334   1   1
   5   5   2   2  10   0   0   0  0.1097   1   1
   5   5   2   3   4   0   0   0 -2.6096   1   1
   5   5   2   3   6   0   0   0 -0.0174   1   1
   5   5   3   1   2   0   0   0  0.1949   1   1
   5   5   3   1   4   0   0   0 -0.8990   1   1
   5   5   3   2   4   0   0   0 -2.6096   1   1
   5   5   3   2   6   0   0   0 -0.0174   1   1
   5   5   3   3   0   0   0   0 -4.6162   1   1
   5   5   3   3   2   0   0   0  0.6879   1   1
   5   6   1   1   4   0   0   0 -0.6958   1   1
   5   6   1   1   6   0   0   0 -1.1010   1   1
   5   6   1   2   4   0   0   0  2.1313   1   1
   5   6   1   2   6   0   0   0 -1.1904   1   1
   5   6   1   3   4   0   0   0  2.4969   1   1
   5   6   2   1   4   0   0   0 -1.5307   1   1
   5   6   2   1   6   0   0   0 -0.5201   1   1
   5   6   2   2   4   0   0   0 -2.6096   1   1
   5   6   2   2   6   0   0   0 -0.0174   1   1
   5   6   2   3   4   0   0   0 -2.3353   1   1
   5   6   2   3   6   0   0   0  0.2932   1   1
   5   6   3   1   4   0   0   0 -4.3410   1   1
   5   6   3   2   4   0   0   0 -5.7282   1   1
   5   6   3   2   6   0   0   0  1.6594   1   1
   6   4   1   1   2   0   0   0  0.4475   1   1
   6   4   1   1   4   0   0   0 -0.8041   1   1
   6   4   1   2   2   0   0   0  1.7717   1   1
   6   4   1   2   4   0   0   0  0.3956   1   1
   6   4   1   3   2   0   0   0 -0.4542   1   1
   6   4   1   3   4   0   0   0  4.3633   1   1
   6   4   2   1   2   0   0   0  0.1011   1   1
   6   4   2   1   4   0   0   0 -0.7000   1   1
   6   4   2   2   2   0   0   0  0.1949   1   1
   6   4   2   2   4   0   0   0 -0.8990   1   1
   6   4   2   3   4   0   0   0 -4.3410   1   1
   6   4   3   1   2   0   0   0 -0.6064   1   1
   6   4   3   1   4   0   0   0 -0.8582   1   1
   6   4   3   2   4   0   0   0 -2.4969   1   1
   6   4   3   3   2   0   0   0  1.4834   1   1
   6   5   1   1   4   0   0   0 -0.6958   1   1
   6   5   1   1   6   0   0   0 -1.1010   1   1
   6   5   1   2   4   0   0   0  1.5307   1   1
   6   5   1   2   6   0   0   0  0.5201   1   1
   6   5   1   3   4   0   0   0  4.3410   1   1
   6   5   2   1   4   0   0   0 -2.1313   1   1
   6   5   2   1   6   0   0   0  1.1904   1   1
   6   5   2   2   4   0   0   0 -2.6096   1   1
   6   5   2   2   6   0   0   0 -0.0174   1   1
   6   5   2   3   4   0   0   0 -5.7282   1   1
   6   5   2   3   6   0   0   0  1.6594   1   1
   6   5   3   1   4   0   0   0 -2.4969   1   1
   6   5   3   2   4   0   0   0 -2.3353   1   1
   6   5   3   2   6   0   0   0  0.2932   1   1
   6   6   1   1   0   0   0   0 -3.8003   1   1
   6   6   1   1   2   0   0   0 -0.9689   1   1
   6   6   1   2   2   0   0   0  0.1358   1   1
   6   6   1   3   2   0   0   0 -1.4834   1   1
   6   6   2   1   2   0   0   0 -0.1358   1   1
   6   6   2   2   0   0   0   0 -4.6162   1   1
   6   6   2   2   2   0   0   0  0.6879   1   1
   6   6   3   1   2   0   0   0  1.4834   1   1
   6   6   3   3   0   0   0   0 -5.7712   1   1
   6   6   3   3   2   0   0   0  0.9550   1   1
