 ! Total Interaction
  63
   1   1   1   1     1     0  -1.4850
   1   1   1   2     1     0  -0.1721
   1   2   1   2     1     0  -5.3822
   1   1   2   2     1     0   1.4908
   1   2   2   2     1     0  -3.1333
   2   2   2   2     1     0  -1.2355
   1   3   2   2     1     0   0.0244
   1   1   1   3     1     0  -0.7606
   1   2   1   3     1     0  -1.4536
   1   3   1   3     1     0  -3.6234
   1   1   3   3     1     0   0.1410
   1   2   3   3     1     0  -1.8113
   2   2   3   3     1     0  -0.4786
   1   3   3   3     1     0  -0.8240
   3   3   3   3     1     0  -3.3219
   1   2   1   2     2     0  -3.7718
   1   2   1   3     2     0  -0.3966
   1   3   1   3     2     0  -1.6571
   1   2   2   3     2     0  -0.5789
   1   3   2   3     2     0  -2.2487
   2   3   2   3     2     0  -0.2825
   1   1   1   1     3     0  -2.6562
   1   1   1   2     3     0  -1.2806
   1   2   1   2     3     0  -1.0858
   1   1   2   2     3     0   1.0560
   1   2   2   2     3     0  -2.0689
   2   2   2   2     3     0  -1.4912
   1   1   2   3     3     0   0.0867
   1   2   2   3     3     0  -1.1218
   2   2   2   3     3     0  -1.0896
   2   3   2   3     3     0  -3.7455
   1   2   1   2     4     0  -4.1365
   2   2   2   2     5     0  -3.8692
   1   1   1   1     0     1  -1.7008
   1   1   2   2     0     1  -2.7784
   2   2   2   2     0     1  -2.2924
   1   1   3   3     0     1  -0.9090
   2   2   3   3     0     1  -1.3972
   3   3   3   3     0     1  -1.5146
   1   2   1   2     1     1   0.5871
   1   2   1   3     1     1  -0.0408
   1   3   1   3     1     1   0.4619
   1   1   1   1     2     1  -0.0872
   1   1   1   2     2     1   0.4506
   1   2   1   2     2     1  -0.1384
   1   1   2   2     2     1  -1.0914
   1   2   2   2     2     1   0.1914
   2   2   2   2     2     1  -0.8962
   1   3   2   2     2     1   0.7940
   1   1   1   3     2     1   0.3129
   1   2   1   3     2     1  -0.3325
   1   3   1   3     2     1  -0.2717
   1   1   2   3     2     1  -0.2842
   1   2   2   3     2     1   0.2818
   2   2   2   3     2     1  -0.8344
   1   3   2   3     2     1   1.4446
   2   3   2   3     2     1  -0.8423
   1   2   1   2     3     1   0.6872
   1   2   2   3     3     1  -0.4948
   2   3   2   3     3     1   0.6126
   1   2   1   2     4     1  -1.2938
   1   2   2   2     4     1   1.1955
   2   2   2   2     4     1  -0.1853
