      1      1      1      1           6           0   1.0720981175130386     
      1      1      1      1           4           0  -3.4109092732180670     
      1      1      1      1           2           0   3.2779321340862131     
      1      1      1      1           0           0  -6.9070250000000009     
      1      1      1      2           6           0  -1.2436182607693131     
      1      1      1      2           4           0   2.6482099088094389     
      1      1      1      2           2           0  -2.1757331673173099     
      1      1      1      3           4           0   1.1702949919980716     
      1      1      1      3           2           0  0.42590864243900178     
      1      1      2      1           6           0  -1.2436182607693131     
      1      1      2      1           4           0   2.6482099088094389     
      1      1      2      1           2           0  -2.1757331673173099     
      1      1      2      2           8           0  -5.7228230264948650     
      1      1      2      2           6           0   1.1792387282118912     
      1      1      2      2           4           0  -1.8000090700021740     
      1      1      2      2           2           0  0.33920011381970450     
      1      1      2      3           4           0  -1.1238681109381030     
      1      1      2      3           2           0  0.49501778171740402     
      1      1      3      1           4           0   1.1702949919980719     
      1      1      3      1           2           0  0.42590864243900178     
      1      1      3      2           4           0  -1.1238681109381030     
      1      1      3      2           2           0  0.49501778171740402     
      1      1      3      3           4           0 -0.87810261305430126     
      1      1      3      3           2           0 -0.47225987649514378     
      1      2      1      1           6           0   1.2436182607693129     
      1      2      1      1           4           0  -2.6482099088094397     
      1      2      1      1           2           0   2.1757331673173108     
      1      2      1      2           6           0   1.5128264259989963     
      1      2      1      2           4           0  -5.0489593130347235     
      1      2      1      2           2           0  0.70024789004671661     
      1      2      1      2           0           0  -9.9567573499158932     
      1      2      1      3           6           0 -0.57971425541383859     
      1      2      1      3           4           0  -2.0853413436581496     
      1      2      2      1           8           0   8.0452794642857146     
      1      2      2      1           6           0  -2.8440020238733772     
      1      2      2      1           4           0   1.9808362573851763     
      1      2      2      1           2           0  -3.8400172621584661     
      1      2      2      2           8           0   4.3510256576245974     
      1      2      2      2           6           0  -1.7088891623985420     
      1      2      2      2           4           0   4.0278705755636910     
      1      2      2      2           2           0   1.2357153490337087     
      1      2      2      3           6           0  0.59466768972313866     
      1      2      2      3           4           0   2.1001111533200678     
      1      2      3      1           4           0   1.7685185126185154     
      1      2      3      1           2           0  0.31635524023729100     
      1      2      3      2           4           0   1.1830186871650867     
      1      2      3      2           2           0  0.11472804067966430     
      1      2      3      3           4           0   2.3295872198739418     
      1      3      1      1           4           0  -1.1702949919980719     
      1      3      1      1           2           0 -0.42590864243900173     
      1      3      1      2           6           0 -0.57971425541383803     
      1      3      1      2           4           0  -2.0853413436581509     
      1      3      1      3           2           0  -1.0189693529186732     
      1      3      1      3           0           0  -3.6266269370190942     
      1      3      2      1           4           0   1.7685185126185157     
      1      3      2      1           2           0  0.31635524023729078     
      1      3      2      2           6           0 -0.41584641405891409     
      1      3      2      2           4           0   1.4296234189164443     
      1      3      2      3           2           0  0.99225516501553157     
      1      3      3      1           4           0   3.8702144063063542     
      1      3      3      1           2           0 -0.73241933461559350     
      1      3      3      2           4           0   4.8096704162031720     
      1      3      3      3           2           0 -0.81506771191110239     
      2      1      1      1           6           0   1.2436182607693129     
      2      1      1      1           4           0  -2.6482099088094393     
      2      1      1      1           2           0   2.1757331673173108     
      2      1      1      2           8           0   8.0452794642857146     
      2      1      1      2           6           0  -2.8440020238733776     
      2      1      1      2           4           0   1.9808362573851763     
      2      1      1      2           2           0  -3.8400172621584656     
      2      1      1      3           4           0   1.7685185126185159     
      2      1      1      3           2           0  0.31635524023729111     
      2      1      2      1           6           0   1.5128264259989963     
      2      1      2      1           4           0  -5.0489593130347235     
      2      1      2      1           2           0  0.70024789004671772     
      2      1      2      1           0           0  -9.9567573499158932     
      2      1      2      2           8           0   4.3510256576245974     
      2      1      2      2           6           0  -1.7088891623985418     
      2      1      2      2           4           0   4.0278705755636910     
      2      1      2      2           2           0   1.2357153490337087     
      2      1      2      3           4           0   1.1830186871650867     
      2      1      2      3           2           0  0.11472804067966430     
      2      1      3      1           6           0 -0.57971425541383859     
      2      1      3      1           4           0  -2.0853413436581496     
      2      1      3      2           6           0  0.59466768972313866     
      2      1      3      2           4           0   2.1001111533200678     
      2      1      3      3           4           0   2.3295872198739418     
      2      2      1      1           8           0  -5.7228230264948641     
      2      2      1      1           6           0   1.1792387282118915     
      2      2      1      1           4           0  -1.8000090700021740     
      2      2      1      1           2           0  0.33920011381970494     
      2      2      1      2           8           0  -4.3510256576245965     
      2      2      1      2           6           0   1.7088891623985416     
      2      2      1      2           4           0  -4.0278705755636910     
      2      2      1      2           2           0  -1.2357153490337083     
      2      2      1      3           6           0  0.41584641405891387     
      2      2      1      3           4           0  -1.4296234189164438     
      2      2      2      1           8           0  -4.3510256576245965     
      2      2      2      1           6           0   1.7088891623985418     
      2      2      2      1           4           0  -4.0278705755636919     
      2      2      2      1           2           0  -1.2357153490337081     
      2      2      2      2          10           0   2.1439610251940605E-002
      2      2      2      2           8           0  -2.3295214285714279     
      2      2      2      2           6           0   2.9913280083816578     
      2      2      2      2           4           0  -6.6985899049903956     
      2      2      2      2           2           0   6.3762176079835795     
      2      2      2      2           0           0  -11.939883333333334     
      2      2      2      3           6           0  0.61877818544472984     
      2      2      2      3           4           0  -3.5212555313719753     
      2      2      3      1           6           0  0.41584641405891387     
      2      2      3      1           4           0  -1.4296234189164438     
      2      2      3      2           6           0  0.61877818544472984     
      2      2      3      2           4           0  -3.5212555313719753     
      2      2      3      3           6           0  0.11122415095359006     
      2      2      3      3           4           0  -1.9243287214622802     
      2      3      1      1           4           0  -1.1238681109381035     
      2      3      1      1           2           0  0.49501778171740407     
      2      3      1      2           6           0 -0.59466768972313888     
      2      3      1      2           4           0  -2.1001111533200678     
      2      3      1      3           2           0 -0.99225516501553157     
      2      3      2      1           4           0  -1.1830186871650872     
      2      3      2      1           2           0 -0.11472804067966452     
      2      3      2      2           6           0  0.61877818544472940     
      2      3      2      2           4           0  -3.5212555313719758     
      2      3      2      3           2           0   1.6185058734833186     
      2      3      2      3           0           0  -4.3248442639591085     
      2      3      3      1           4           0  -4.8096704162031720     
      2      3      3      2           6           0  0.55080132710846330     
      2      3      3      2           4           0  -6.0525515336968043     
      3      1      1      1           4           0  -1.1702949919980719     
      3      1      1      1           2           0 -0.42590864243900173     
      3      1      1      2           4           0   1.7685185126185157     
      3      1      1      2           2           0  0.31635524023729078     
      3      1      1      3           4           0   3.8702144063063542     
      3      1      1      3           2           0 -0.73241933461559350     
      3      1      2      1           6           0 -0.57971425541383803     
      3      1      2      1           4           0  -2.0853413436581509     
      3      1      2      2           6           0 -0.41584641405891409     
      3      1      2      2           4           0   1.4296234189164443     
      3      1      2      3           4           0   4.8096704162031720     
      3      1      3      1           2           0  -1.0189693529186732     
      3      1      3      1           0           0  -3.6266269370190942     
      3      1      3      2           2           0  0.99225516501553157     
      3      1      3      3           2           0 -0.81506771191110239     
      3      2      1      1           4           0  -1.1238681109381035     
      3      2      1      1           2           0  0.49501778171740407     
      3      2      1      2           4           0  -1.1830186871650872     
      3      2      1      2           2           0 -0.11472804067966452     
      3      2      1      3           4           0  -4.8096704162031720     
      3      2      2      1           6           0 -0.59466768972313888     
      3      2      2      1           4           0  -2.1001111533200683     
      3      2      2      2           6           0  0.61877818544472940     
      3      2      2      2           4           0  -3.5212555313719758     
      3      2      2      3           6           0  0.55080132710846330     
      3      2      2      3           4           0  -6.0525515336968043     
      3      2      3      1           2           0 -0.99225516501553157     
      3      2      3      2           2           0   1.6185058734833184     
      3      2      3      2           0           0  -4.3248442639591085     
      3      3      1      1           4           0 -0.87810261305430104     
      3      3      1      1           2           0 -0.47225987649514356     
      3      3      1      2           4           0  -2.3295872198739414     
      3      3      1      3           2           0  0.81506771191110239     
      3      3      2      1           4           0  -2.3295872198739414     
      3      3      2      2           6           0  0.11122415095359017     
      3      3      2      2           4           0  -1.9243287214622802     
      3      3      3      1           2           0  0.81506771191110239     
      3      3      3      3           2           0   1.7521425969366766     
      3      3      3      3           0           0  -6.7270000000000003     
      1      1      1      1           6           0   1.0720981175130386     
      1      1      1      1           4           0  -3.4109092732180670     
      1      1      1      1           2           0   3.2779321340862131     
      1      1      1      1           0           0  -6.9070250000000009     
      1      1      1      2           6           0  -1.2436182607693131     
      1      1      1      2           4           0   2.6482099088094389     
      1      1      1      2           2           0  -2.1757331673173099     
      1      1      1      3           4           0   1.1702949919980716     
      1      1      1      3           2           0  0.42590864243900178     
      1      1      2      1           6           0  -1.2436182607693131     
      1      1      2      1           4           0   2.6482099088094389     
      1      1      2      1           2           0  -2.1757331673173099     
      1      1      2      2           8           0  -5.7228230264948650     
      1      1      2      2           6           0   1.1792387282118912     
      1      1      2      2           4           0  -1.8000090700021740     
      1      1      2      2           2           0  0.33920011381970450     
      1      1      2      3           4           0  -1.1238681109381030     
      1      1      2      3           2           0  0.49501778171740402     
      1      1      3      1           4           0   1.1702949919980719     
      1      1      3      1           2           0  0.42590864243900178     
      1      1      3      2           4           0  -1.1238681109381030     
      1      1      3      2           2           0  0.49501778171740402     
      1      1      3      3           4           0 -0.87810261305430126     
      1      1      3      3           2           0 -0.47225987649514378     
      1      2      1      1           6           0   1.2436182607693129     
      1      2      1      1           4           0  -2.6482099088094397     
      1      2      1      1           2           0   2.1757331673173108     
      1      2      1      2           6           0   1.5128264259989963     
      1      2      1      2           4           0  -5.0489593130347235     
      1      2      1      2           2           0  0.70024789004671661     
      1      2      1      2           0           0  -9.9567573499158932     
      1      2      1      3           6           0 -0.57971425541383859     
      1      2      1      3           4           0  -2.0853413436581496     
      1      2      2      1           8           0   8.0452794642857146     
      1      2      2      1           6           0  -2.8440020238733772     
      1      2      2      1           4           0   1.9808362573851763     
      1      2      2      1           2           0  -3.8400172621584661     
      1      2      2      2           8           0   4.3510256576245974     
      1      2      2      2           6           0  -1.7088891623985420     
      1      2      2      2           4           0   4.0278705755636910     
      1      2      2      2           2           0   1.2357153490337087     
      1      2      2      3           6           0  0.59466768972313866     
      1      2      2      3           4           0   2.1001111533200678     
      1      2      3      1           4           0   1.7685185126185154     
      1      2      3      1           2           0  0.31635524023729100     
      1      2      3      2           4           0   1.1830186871650867     
      1      2      3      2           2           0  0.11472804067966430     
      1      2      3      3           4           0   2.3295872198739418     
      1      3      1      1           4           0  -1.1702949919980719     
      1      3      1      1           2           0 -0.42590864243900173     
      1      3      1      2           6           0 -0.57971425541383803     
      1      3      1      2           4           0  -2.0853413436581509     
      1      3      1      3           2           0  -1.0189693529186732     
      1      3      1      3           0           0  -3.6266269370190942     
      1      3      2      1           4           0   1.7685185126185157     
      1      3      2      1           2           0  0.31635524023729078     
      1      3      2      2           6           0 -0.41584641405891409     
      1      3      2      2           4           0   1.4296234189164443     
      1      3      2      3           2           0  0.99225516501553157     
      1      3      3      1           4           0   3.8702144063063542     
      1      3      3      1           2           0 -0.73241933461559350     
      1      3      3      2           4           0   4.8096704162031720     
      1      3      3      3           2           0 -0.81506771191110239     
      2      1      1      1           6           0   1.2436182607693129     
      2      1      1      1           4           0  -2.6482099088094393     
      2      1      1      1           2           0   2.1757331673173108     
      2      1      1      2           8           0   8.0452794642857146     
      2      1      1      2           6           0  -2.8440020238733776     
      2      1      1      2           4           0   1.9808362573851763     
      2      1      1      2           2           0  -3.8400172621584656     
      2      1      1      3           4           0   1.7685185126185159     
      2      1      1      3           2           0  0.31635524023729111     
      2      1      2      1           6           0   1.5128264259989963     
      2      1      2      1           4           0  -5.0489593130347235     
      2      1      2      1           2           0  0.70024789004671772     
      2      1      2      1           0           0  -9.9567573499158932     
      2      1      2      2           8           0   4.3510256576245974     
      2      1      2      2           6           0  -1.7088891623985418     
      2      1      2      2           4           0   4.0278705755636910     
      2      1      2      2           2           0   1.2357153490337087     
      2      1      2      3           4           0   1.1830186871650867     
      2      1      2      3           2           0  0.11472804067966430     
      2      1      3      1           6           0 -0.57971425541383859     
      2      1      3      1           4           0  -2.0853413436581496     
      2      1      3      2           6           0  0.59466768972313866     
      2      1      3      2           4           0   2.1001111533200678     
      2      1      3      3           4           0   2.3295872198739418     
      2      2      1      1           8           0  -5.7228230264948641     
      2      2      1      1           6           0   1.1792387282118915     
      2      2      1      1           4           0  -1.8000090700021740     
      2      2      1      1           2           0  0.33920011381970494     
      2      2      1      2           8           0  -4.3510256576245965     
      2      2      1      2           6           0   1.7088891623985416     
      2      2      1      2           4           0  -4.0278705755636910     
      2      2      1      2           2           0  -1.2357153490337083     
      2      2      1      3           6           0  0.41584641405891387     
      2      2      1      3           4           0  -1.4296234189164438     
      2      2      2      1           8           0  -4.3510256576245965     
      2      2      2      1           6           0   1.7088891623985418     
      2      2      2      1           4           0  -4.0278705755636919     
      2      2      2      1           2           0  -1.2357153490337081     
      2      2      2      2          10           0   2.1439610251940605E-002
      2      2      2      2           8           0  -2.3295214285714279     
      2      2      2      2           6           0   2.9913280083816578     
      2      2      2      2           4           0  -6.6985899049903956     
      2      2      2      2           2           0   6.3762176079835795     
      2      2      2      2           0           0  -11.939883333333334     
      2      2      2      3           6           0  0.61877818544472984     
      2      2      2      3           4           0  -3.5212555313719753     
      2      2      3      1           6           0  0.41584641405891387     
      2      2      3      1           4           0  -1.4296234189164438     
      2      2      3      2           6           0  0.61877818544472984     
      2      2      3      2           4           0  -3.5212555313719753     
      2      2      3      3           6           0  0.11122415095359006     
      2      2      3      3           4           0  -1.9243287214622802     
      2      3      1      1           4           0  -1.1238681109381035     
      2      3      1      1           2           0  0.49501778171740407     
      2      3      1      2           6           0 -0.59466768972313888     
      2      3      1      2           4           0  -2.1001111533200678     
      2      3      1      3           2           0 -0.99225516501553157     
      2      3      2      1           4           0  -1.1830186871650872     
      2      3      2      1           2           0 -0.11472804067966452     
      2      3      2      2           6           0  0.61877818544472940     
      2      3      2      2           4           0  -3.5212555313719758     
      2      3      2      3           2           0   1.6185058734833186     
      2      3      2      3           0           0  -4.3248442639591085     
      2      3      3      1           4           0  -4.8096704162031720     
      2      3      3      2           6           0  0.55080132710846330     
      2      3      3      2           4           0  -6.0525515336968043     
      3      1      1      1           4           0  -1.1702949919980719     
      3      1      1      1           2           0 -0.42590864243900173     
      3      1      1      2           4           0   1.7685185126185157     
      3      1      1      2           2           0  0.31635524023729078     
      3      1      1      3           4           0   3.8702144063063542     
      3      1      1      3           2           0 -0.73241933461559350     
      3      1      2      1           6           0 -0.57971425541383803     
      3      1      2      1           4           0  -2.0853413436581509     
      3      1      2      2           6           0 -0.41584641405891409     
      3      1      2      2           4           0   1.4296234189164443     
      3      1      2      3           4           0   4.8096704162031720     
      3      1      3      1           2           0  -1.0189693529186732     
      3      1      3      1           0           0  -3.6266269370190942     
      3      1      3      2           2           0  0.99225516501553157     
      3      1      3      3           2           0 -0.81506771191110239     
      3      2      1      1           4           0  -1.1238681109381035     
      3      2      1      1           2           0  0.49501778171740407     
      3      2      1      2           4           0  -1.1830186871650872     
      3      2      1      2           2           0 -0.11472804067966452     
      3      2      1      3           4           0  -4.8096704162031720     
      3      2      2      1           6           0 -0.59466768972313888     
      3      2      2      1           4           0  -2.1001111533200683     
      3      2      2      2           6           0  0.61877818544472940     
      3      2      2      2           4           0  -3.5212555313719758     
      3      2      2      3           6           0  0.55080132710846330     
      3      2      2      3           4           0  -6.0525515336968043     
      3      2      3      1           2           0 -0.99225516501553157     
      3      2      3      2           2           0   1.6185058734833184     
      3      2      3      2           0           0  -4.3248442639591085     
      3      3      1      1           4           0 -0.87810261305430104     
      3      3      1      1           2           0 -0.47225987649514356     
      3      3      1      2           4           0  -2.3295872198739414     
      3      3      1      3           2           0  0.81506771191110239     
      3      3      2      1           4           0  -2.3295872198739414     
      3      3      2      2           6           0  0.11122415095359017     
      3      3      2      2           4           0  -1.9243287214622802     
      3      3      3      1           2           0  0.81506771191110239     
      3      3      3      3           2           0   1.7521425969366766     
      3      3      3      3           0           0  -6.7270000000000003     
         336          10
   1   1   4   4   0   0   0   0 -6.9070   1   1
   1   1   4   4   2   0   0   0  3.2779   1   1
   1   1   4   4   4   0   0   0 -3.4109   1   1
   1   1   4   4   6   0   0   0  1.0721   1   1
   1   1   4   5   2   0   0   0 -2.1757   1   1
   1   1   4   5   4   0   0   0  2.6482   1   1
   1   1   4   5   6   0   0   0 -1.2436   1   1
   1   1   4   6   2   0   0   0  0.4259   1   1
   1   1   4   6   4   0   0   0  1.1703   1   1
   1   1   5   4   2   0   0   0  2.1757   1   1
   1   1   5   4   4   0   0   0 -2.6482   1   1
   1   1   5   4   6   0   0   0  1.2436   1   1
   1   1   5   5   0   0   0   0 -9.9568   1   1
   1   1   5   5   2   0   0   0  0.7002   1   1
   1   1   5   5   4   0   0   0 -5.0490   1   1
   1   1   5   5   6   0   0   0  1.5128   1   1
   1   1   5   6   4   0   0   0 -2.0853   1   1
   1   1   5   6   6   0   0   0 -0.5797   1   1
   1   1   6   4   2   0   0   0 -0.4259   1   1
   1   1   6   4   4   0   0   0 -1.1703   1   1
   1   1   6   5   4   0   0   0 -2.0853   1   1
   1   1   6   5   6   0   0   0 -0.5797   1   1
   1   1   6   6   0   0   0   0 -3.6266   1   1
   1   1   6   6   2   0   0   0 -1.0190   1   1
   1   2   4   4   2   0   0   0 -2.1757   1   1
   1   2   4   4   4   0   0   0  2.6482   1   1
   1   2   4   4   6   0   0   0 -1.2436   1   1
   1   2   4   5   2   0   0   0  0.3392   1   1
   1   2   4   5   4   0   0   0 -1.8000   1   1
   1   2   4   5   6   0   0   0  1.1792   1   1
   1   2   4   5   8   0   0   0 -5.7228   1   1
   1   2   4   6   2   0   0   0  0.4950   1   1
   1   2   4   6   4   0   0   0 -1.1239   1   1
   1   2   5   4   2   0   0   0 -3.8400   1   1
   1   2   5   4   4   0   0   0  1.9808   1   1
   1   2   5   4   6   0   0   0 -2.8440   1   1
   1   2   5   4   8   0   0   0  8.0453   1   1
   1   2   5   5   2   0   0   0  1.2357   1   1
   1   2   5   5   4   0   0   0  4.0279   1   1
   1   2   5   5   6   0   0   0 -1.7089   1   1
   1   2   5   5   8   0   0   0  4.3510   1   1
   1   2   5   6   4   0   0   0  2.1001   1   1
   1   2   5   6   6   0   0   0  0.5947   1   1
   1   2   6   4   2   0   0   0  0.3164   1   1
   1   2   6   4   4   0   0   0  1.7685   1   1
   1   2   6   5   4   0   0   0  1.4296   1   1
   1   2   6   5   6   0   0   0 -0.4158   1   1
   1   2   6   6   2   0   0   0  0.9923   1   1
   1   3   4   4   2   0   0   0  0.4259   1   1
   1   3   4   4   4   0   0   0  1.1703   1   1
   1   3   4   5   2   0   0   0  0.4950   1   1
   1   3   4   5   4   0   0   0 -1.1239   1   1
   1   3   4   6   2   0   0   0 -0.4723   1   1
   1   3   4   6   4   0   0   0 -0.8781   1   1
   1   3   5   4   2   0   0   0  0.3164   1   1
   1   3   5   4   4   0   0   0  1.7685   1   1
   1   3   5   5   2   0   0   0  0.1147   1   1
   1   3   5   5   4   0   0   0  1.1830   1   1
   1   3   5   6   4   0   0   0  2.3296   1   1
   1   3   6   4   2   0   0   0 -0.7324   1   1
   1   3   6   4   4   0   0   0  3.8702   1   1
   1   3   6   5   4   0   0   0  4.8097   1   1
   1   3   6   6   2   0   0   0 -0.8151   1   1
   2   1   4   4   2   0   0   0  2.1757   1   1
   2   1   4   4   4   0   0   0 -2.6482   1   1
   2   1   4   4   6   0   0   0  1.2436   1   1
   2   1   4   5   2   0   0   0 -3.8400   1   1
   2   1   4   5   4   0   0   0  1.9808   1   1
   2   1   4   5   6   0   0   0 -2.8440   1   1
   2   1   4   5   8   0   0   0  8.0453   1   1
   2   1   4   6   2   0   0   0  0.3164   1   1
   2   1   4   6   4   0   0   0  1.7685   1   1
   2   1   5   4   2   0   0   0  0.3392   1   1
   2   1   5   4   4   0   0   0 -1.8000   1   1
   2   1   5   4   6   0   0   0  1.1792   1   1
   2   1   5   4   8   0   0   0 -5.7228   1   1
   2   1   5   5   2   0   0   0 -1.2357   1   1
   2   1   5   5   4   0   0   0 -4.0279   1   1
   2   1   5   5   6   0   0   0  1.7089   1   1
   2   1   5   5   8   0   0   0 -4.3510   1   1
   2   1   5   6   4   0   0   0 -1.4296   1   1
   2   1   5   6   6   0   0   0  0.4158   1   1
   2   1   6   4   2   0   0   0  0.4950   1   1
   2   1   6   4   4   0   0   0 -1.1239   1   1
   2   1   6   5   4   0   0   0 -2.1001   1   1
   2   1   6   5   6   0   0   0 -0.5947   1   1
   2   1   6   6   2   0   0   0 -0.9923   1   1
   2   2   4   4   0   0   0   0 -9.9568   1   1
   2   2   4   4   2   0   0   0  0.7002   1   1
   2   2   4   4   4   0   0   0 -5.0490   1   1
   2   2   4   4   6   0   0   0  1.5128   1   1
   2   2   4   5   2   0   0   0  1.2357   1   1
   2   2   4   5   4   0   0   0  4.0279   1   1
   2   2   4   5   6   0   0   0 -1.7089   1   1
   2   2   4   5   8   0   0   0  4.3510   1   1
   2   2   4   6   2   0   0   0  0.1147   1   1
   2   2   4   6   4   0   0   0  1.1830   1   1
   2   2   5   4   2   0   0   0 -1.2357   1   1
   2   2   5   4   4   0   0   0 -4.0279   1   1
   2   2   5   4   6   0   0   0  1.7089   1   1
   2   2   5   4   8   0   0   0 -4.3510   1   1
   2   2   5   5   0   0   0   0-11.9399   1   1
   2   2   5   5   2   0   0   0  6.3762   1   1
   2   2   5   5   4   0   0   0 -6.6986   1   1
   2   2   5   5   6   0   0   0  2.9913   1   1
   2   2   5   5   8   0   0   0 -2.3295   1   1
   2   2   5   5  10   0   0   0  0.0214   1   1
   2   2   5   6   4   0   0   0 -3.5213   1   1
   2   2   5   6   6   0   0   0  0.6188   1   1
   2   2   6   4   2   0   0   0 -0.1147   1   1
   2   2   6   4   4   0   0   0 -1.1830   1   1
   2   2   6   5   4   0   0   0 -3.5213   1   1
   2   2   6   5   6   0   0   0  0.6188   1   1
   2   2   6   6   0   0   0   0 -4.3248   1   1
   2   2   6   6   2   0   0   0  1.6185   1   1
   2   3   4   4   4   0   0   0 -2.0853   1   1
   2   3   4   4   6   0   0   0 -0.5797   1   1
   2   3   4   5   4   0   0   0  2.1001   1   1
   2   3   4   5   6   0   0   0  0.5947   1   1
   2   3   4   6   4   0   0   0  2.3296   1   1
   2   3   5   4   4   0   0   0 -1.4296   1   1
   2   3   5   4   6   0   0   0  0.4158   1   1
   2   3   5   5   4   0   0   0 -3.5213   1   1
   2   3   5   5   6   0   0   0  0.6188   1   1
   2   3   5   6   4   0   0   0 -1.9243   1   1
   2   3   5   6   6   0   0   0  0.1112   1   1
   2   3   6   4   4   0   0   0 -4.8097   1   1
   2   3   6   5   4   0   0   0 -6.0526   1   1
   2   3   6   5   6   0   0   0  0.5508   1   1
   3   1   4   4   2   0   0   0 -0.4259   1   1
   3   1   4   4   4   0   0   0 -1.1703   1   1
   3   1   4   5   2   0   0   0  0.3164   1   1
   3   1   4   5   4   0   0   0  1.7685   1   1
   3   1   4   6   2   0   0   0 -0.7324   1   1
   3   1   4   6   4   0   0   0  3.8702   1   1
   3   1   5   4   2   0   0   0  0.4950   1   1
   3   1   5   4   4   0   0   0 -1.1239   1   1
   3   1   5   5   2   0   0   0 -0.1147   1   1
   3   1   5   5   4   0   0   0 -1.1830   1   1
   3   1   5   6   4   0   0   0 -4.8097   1   1
   3   1   6   4   2   0   0   0 -0.4723   1   1
   3   1   6   4   4   0   0   0 -0.8781   1   1
   3   1   6   5   4   0   0   0 -2.3296   1   1
   3   1   6   6   2   0   0   0  0.8151   1   1
   3   2   4   4   4   0   0   0 -2.0853   1   1
   3   2   4   4   6   0   0   0 -0.5797   1   1
   3   2   4   5   4   0   0   0  1.4296   1   1
   3   2   4   5   6   0   0   0 -0.4158   1   1
   3   2   4   6   4   0   0   0  4.8097   1   1
   3   2   5   4   4   0   0   0 -2.1001   1   1
   3   2   5   4   6   0   0   0 -0.5947   1   1
   3   2   5   5   4   0   0   0 -3.5213   1   1
   3   2   5   5   6   0   0   0  0.6188   1   1
   3   2   5   6   4   0   0   0 -6.0526   1   1
   3   2   5   6   6   0   0   0  0.5508   1   1
   3   2   6   4   4   0   0   0 -2.3296   1   1
   3   2   6   5   4   0   0   0 -1.9243   1   1
   3   2   6   5   6   0   0   0  0.1112   1   1
   3   3   4   4   0   0   0   0 -3.6266   1   1
   3   3   4   4   2   0   0   0 -1.0190   1   1
   3   3   4   5   2   0   0   0  0.9923   1   1
   3   3   4   6   2   0   0   0 -0.8151   1   1
   3   3   5   4   2   0   0   0 -0.9923   1   1
   3   3   5   5   0   0   0   0 -4.3248   1   1
   3   3   5   5   2   0   0   0  1.6185   1   1
   3   3   6   4   2   0   0   0  0.8151   1   1
   3   3   6   6   0   0   0   0 -6.7270   1   1
   3   3   6   6   2   0   0   0  1.7521   1   1
   4   4   1   1   0   0   0   0 -6.9070   1   1
   4   4   1   1   2   0   0   0  3.2779   1   1
   4   4   1   1   4   0   0   0 -3.4109   1   1
   4   4   1   1   6   0   0   0  1.0721   1   1
   4   4   1   2   2   0   0   0 -2.1757   1   1
   4   4   1   2   4   0   0   0  2.6482   1   1
   4   4   1   2   6   0   0   0 -1.2436   1   1
   4   4   1   3   2   0   0   0  0.4259   1   1
   4   4   1   3   4   0   0   0  1.1703   1   1
   4   4   2   1   2   0   0   0  2.1757   1   1
   4   4   2   1   4   0   0   0 -2.6482   1   1
   4   4   2   1   6   0   0   0  1.2436   1   1
   4   4   2   2   0   0   0   0 -9.9568   1   1
   4   4   2   2   2   0   0   0  0.7002   1   1
   4   4   2   2   4   0   0   0 -5.0490   1   1
   4   4   2   2   6   0   0   0  1.5128   1   1
   4   4   2   3   4   0   0   0 -2.0853   1   1
   4   4   2   3   6   0   0   0 -0.5797   1   1
   4   4   3   1   2   0   0   0 -0.4259   1   1
   4   4   3   1   4   0   0   0 -1.1703   1   1
   4   4   3   2   4   0   0   0 -2.0853   1   1
   4   4   3   2   6   0   0   0 -0.5797   1   1
   4   4   3   3   0   0   0   0 -3.6266   1   1
   4   4   3   3   2   0   0   0 -1.0190   1   1
   4   5   1   1   2   0   0   0 -2.1757   1   1
   4   5   1   1   4   0   0   0  2.6482   1   1
   4   5   1   1   6   0   0   0 -1.2436   1   1
   4   5   1   2   2   0   0   0  0.3392   1   1
   4   5   1   2   4   0   0   0 -1.8000   1   1
   4   5   1   2   6   0   0   0  1.1792   1   1
   4   5   1   2   8   0   0   0 -5.7228   1   1
   4   5   1   3   2   0   0   0  0.4950   1   1
   4   5   1   3   4   0   0   0 -1.1239   1   1
   4   5   2   1   2   0   0   0 -3.8400   1   1
   4   5   2   1   4   0   0   0  1.9808   1   1
   4   5   2   1   6   0   0   0 -2.8440   1   1
   4   5   2   1   8   0   0   0  8.0453   1   1
   4   5   2   2   2   0   0   0  1.2357   1   1
   4   5   2   2   4   0   0   0  4.0279   1   1
   4   5   2   2   6   0   0   0 -1.7089   1   1
   4   5   2   2   8   0   0   0  4.3510   1   1
   4   5   2   3   4   0   0   0  2.1001   1   1
   4   5   2   3   6   0   0   0  0.5947   1   1
   4   5   3   1   2   0   0   0  0.3164   1   1
   4   5   3   1   4   0   0   0  1.7685   1   1
   4   5   3   2   4   0   0   0  1.4296   1   1
   4   5   3   2   6   0   0   0 -0.4158   1   1
   4   5   3   3   2   0   0   0  0.9923   1   1
   4   6   1   1   2   0   0   0  0.4259   1   1
   4   6   1   1   4   0   0   0  1.1703   1   1
   4   6   1   2   2   0   0   0  0.4950   1   1
   4   6   1   2   4   0   0   0 -1.1239   1   1
   4   6   1   3   2   0   0   0 -0.4723   1   1
   4   6   1   3   4   0   0   0 -0.8781   1   1
   4   6   2   1   2   0   0   0  0.3164   1   1
   4   6   2   1   4   0   0   0  1.7685   1   1
   4   6   2   2   2   0   0   0  0.1147   1   1
   4   6   2   2   4   0   0   0  1.1830   1   1
   4   6   2   3   4   0   0   0  2.3296   1   1
   4   6   3   1   2   0   0   0 -0.7324   1   1
   4   6   3   1   4   0   0   0  3.8702   1   1
   4   6   3   2   4   0   0   0  4.8097   1   1
   4   6   3   3   2   0   0   0 -0.8151   1   1
   5   4   1   1   2   0   0   0  2.1757   1   1
   5   4   1   1   4   0   0   0 -2.6482   1   1
   5   4   1   1   6   0   0   0  1.2436   1   1
   5   4   1   2   2   0   0   0 -3.8400   1   1
   5   4   1   2   4   0   0   0  1.9808   1   1
   5   4   1   2   6   0   0   0 -2.8440   1   1
   5   4   1   2   8   0   0   0  8.0453   1   1
   5   4   1   3   2   0   0   0  0.3164   1   1
   5   4   1   3   4   0   0   0  1.7685   1   1
   5   4   2   1   2   0   0   0  0.3392   1   1
   5   4   2   1   4   0   0   0 -1.8000   1   1
   5   4   2   1   6   0   0   0  1.1792   1   1
   5   4   2   1   8   0   0   0 -5.7228   1   1
   5   4   2   2   2   0   0   0 -1.2357   1   1
   5   4   2   2   4   0   0   0 -4.0279   1   1
   5   4   2   2   6   0   0   0  1.7089   1   1
   5   4   2   2   8   0   0   0 -4.3510   1   1
   5   4   2   3   4   0   0   0 -1.4296   1   1
   5   4   2   3   6   0   0   0  0.4158   1   1
   5   4   3   1   2   0   0   0  0.4950   1   1
   5   4   3   1   4   0   0   0 -1.1239   1   1
   5   4   3   2   4   0   0   0 -2.1001   1   1
   5   4   3   2   6   0   0   0 -0.5947   1   1
   5   4   3   3   2   0   0   0 -0.9923   1   1
   5   5   1   1   0   0   0   0 -9.9568   1   1
   5   5   1   1   2   0   0   0  0.7002   1   1
   5   5   1   1   4   0   0   0 -5.0490   1   1
   5   5   1   1   6   0   0   0  1.5128   1   1
   5   5   1   2   2   0   0   0  1.2357   1   1
   5   5   1   2   4   0   0   0  4.0279   1   1
   5   5   1   2   6   0   0   0 -1.7089   1   1
   5   5   1   2   8   0   0   0  4.3510   1   1
   5   5   1   3   2   0   0   0  0.1147   1   1
   5   5   1   3   4   0   0   0  1.1830   1   1
   5   5   2   1   2   0   0   0 -1.2357   1   1
   5   5   2   1   4   0   0   0 -4.0279   1   1
   5   5   2   1   6   0   0   0  1.7089   1   1
   5   5   2   1   8   0   0   0 -4.3510   1   1
   5   5   2   2   0   0   0   0-11.9399   1   1
   5   5   2   2   2   0   0   0  6.3762   1   1
   5   5   2   2   4   0   0   0 -6.6986   1   1
   5   5   2   2   6   0   0   0  2.9913   1   1
   5   5   2   2   8   0   0   0 -2.3295   1   1
   5   5   2   2  10   0   0   0  0.0214   1   1
   5   5   2   3   4   0   0   0 -3.5213   1   1
   5   5   2   3   6   0   0   0  0.6188   1   1
   5   5   3   1   2   0   0   0 -0.1147   1   1
   5   5   3   1   4   0   0   0 -1.1830   1   1
   5   5   3   2   4   0   0   0 -3.5213   1   1
   5   5   3   2   6   0   0   0  0.6188   1   1
   5   5   3   3   0   0   0   0 -4.3248   1   1
   5   5   3   3   2   0   0   0  1.6185   1   1
   5   6   1   1   4   0   0   0 -2.0853   1   1
   5   6   1   1   6   0   0   0 -0.5797   1   1
   5   6   1   2   4   0   0   0  2.1001   1   1
   5   6   1   2   6   0   0   0  0.5947   1   1
   5   6   1   3   4   0   0   0  2.3296   1   1
   5   6   2   1   4   0   0   0 -1.4296   1   1
   5   6   2   1   6   0   0   0  0.4158   1   1
   5   6   2   2   4   0   0   0 -3.5213   1   1
   5   6   2   2   6   0   0   0  0.6188   1   1
   5   6   2   3   4   0   0   0 -1.9243   1   1
   5   6   2   3   6   0   0   0  0.1112   1   1
   5   6   3   1   4   0   0   0 -4.8097   1   1
   5   6   3   2   4   0   0   0 -6.0526   1   1
   5   6   3   2   6   0   0   0  0.5508   1   1
   6   4   1   1   2   0   0   0 -0.4259   1   1
   6   4   1   1   4   0   0   0 -1.1703   1   1
   6   4   1   2   2   0   0   0  0.3164   1   1
   6   4   1   2   4   0   0   0  1.7685   1   1
   6   4   1   3   2   0   0   0 -0.7324   1   1
   6   4   1   3   4   0   0   0  3.8702   1   1
   6   4   2   1   2   0   0   0  0.4950   1   1
   6   4   2   1   4   0   0   0 -1.1239   1   1
   6   4   2   2   2   0   0   0 -0.1147   1   1
   6   4   2   2   4   0   0   0 -1.1830   1   1
   6   4   2   3   4   0   0   0 -4.8097   1   1
   6   4   3   1   2   0   0   0 -0.4723   1   1
   6   4   3   1   4   0   0   0 -0.8781   1   1
   6   4   3   2   4   0   0   0 -2.3296   1   1
   6   4   3   3   2   0   0   0  0.8151   1   1
   6   5   1   1   4   0   0   0 -2.0853   1   1
   6   5   1   1   6   0   0   0 -0.5797   1   1
   6   5   1   2   4   0   0   0  1.4296   1   1
   6   5   1   2   6   0   0   0 -0.4158   1   1
   6   5   1   3   4   0   0   0  4.8097   1   1
   6   5   2   1   4   0   0   0 -2.1001   1   1
   6   5   2   1   6   0   0   0 -0.5947   1   1
   6   5   2   2   4   0   0   0 -3.5213   1   1
   6   5   2   2   6   0   0   0  0.6188   1   1
   6   5   2   3   4   0   0   0 -6.0526   1   1
   6   5   2   3   6   0   0   0  0.5508   1   1
   6   5   3   1   4   0   0   0 -2.3296   1   1
   6   5   3   2   4   0   0   0 -1.9243   1   1
   6   5   3   2   6   0   0   0  0.1112   1   1
   6   6   1   1   0   0   0   0 -3.6266   1   1
   6   6   1   1   2   0   0   0 -1.0190   1   1
   6   6   1   2   2   0   0   0  0.9923   1   1
   6   6   1   3   2   0   0   0 -0.8151   1   1
   6   6   2   1   2   0   0   0 -0.9923   1   1
   6   6   2   2   0   0   0   0 -4.3248   1   1
   6   6   2   2   2   0   0   0  1.6185   1   1
   6   6   3   1   2   0   0   0  0.8151   1   1
   6   6   3   3   0   0   0   0 -6.7270   1   1
   6   6   3   3   2   0   0   0  1.7521   1   1
