      1      1      1      1           6           0  0.94780561555915011     
      1      1      1      1           4           0  -3.4214186809089178     
      1      1      1      1           2           0   2.6730720194626194     
      1      1      1      1           0           0  -6.3708617500000013     
      1      1      1      2           6           0  -1.1004374546549767     
      1      1      1      2           4           0   1.7674896946873122     
      1      1      1      2           2           0  -1.4515767835681750     
      1      1      1      3           4           0   1.0665761842780239     
      1      1      1      3           2           0   3.7743568815508888E-002
      1      1      2      1           6           0  -1.1004374546549767     
      1      1      2      1           4           0   1.7674896946873122     
      1      1      2      1           2           0  -1.4515767835681750     
      1      1      2      2           8           0  -4.7065943472830014     
      1      1      2      2           6           0   1.6139046637158350     
      1      1      2      2           4           0  -1.9922139165569730     
      1      1      2      2           2           0  0.30708400844187989     
      1      1      2      3           4           0 -0.48326731289165392     
      1      1      2      3           2           0  -7.2278752396792434E-003
      1      1      3      1           4           0   1.0665761842780239     
      1      1      3      1           2           0   3.7743568815508888E-002
      1      1      3      2           4           0 -0.48326731289165392     
      1      1      3      2           2           0  -7.2278752396792434E-003
      1      1      3      3           4           0 -0.87839894334084390     
      1      1      3      3           2           0 -0.36792260404966859     
      1      2      1      1           6           0   1.1004374546549767     
      1      2      1      1           4           0  -1.7674896946873129     
      1      2      1      1           2           0   1.4515767835681752     
      1      2      1      2           6           0   1.9778072595547338     
      1      2      1      2           4           0  -4.6405087070355400     
      1      2      1      2           2           0   1.3586930275058264     
      1      2      1      2           0           0  -8.8397528766123337     
      1      2      1      3           6           0 -0.93329737710881955     
      1      2      1      3           4           0  -1.2345761860662137     
      1      2      2      1           8           0   6.9128674821428584     
      1      2      2      1           6           0  -2.2819020693359793     
      1      2      2      1           4           0   2.3180367565123587     
      1      2      2      1           2           0  -3.1833566174303689     
      1      2      2      2           8           0   4.2146220148689899     
      1      2      2      2           6           0  -1.3150391450761552     
      1      2      2      2           4           0   3.9822558060063908     
      1      2      2      2           2           0   1.3197886039123627     
      1      2      2      3           6           0 -0.40444245393505185     
      1      2      2      3           4           0   2.1520784351044790     
      1      2      3      1           4           0  0.87322388728689837     
      1      2      3      1           2           0  0.88047560303881145     
      1      2      3      2           4           0   1.2795464768856672     
      1      2      3      2           2           0 -0.12306138319240278     
      1      2      3      3           4           0   2.2446842311544630     
      1      3      1      1           4           0  -1.0665761842780239     
      1      3      1      1           2           0  -3.7743568815508666E-002
      1      3      1      2           6           0 -0.93329737710881899     
      1      3      1      2           4           0  -1.2345761860662139     
      1      3      1      3           2           0 -0.85391521417408167     
      1      3      1      3           0           0  -3.4215095787091960     
      1      3      2      1           4           0  0.87322388728689804     
      1      3      2      1           2           0  0.88047560303881123     
      1      3      2      2           6           0 -0.70874620153198431     
      1      3      2      2           4           0   1.0546026729946616     
      1      3      2      3           2           0  0.90966711230056552     
      1      3      3      1           4           0   3.8580068726916918     
      1      3      3      1           2           0 -0.62253997994058285     
      1      3      3      2           4           0   4.1781477996238046     
      1      3      3      3           2           0  -1.0211285870329947     
      2      1      1      1           6           0   1.1004374546549767     
      2      1      1      1           4           0  -1.7674896946873127     
      2      1      1      1           2           0   1.4515767835681752     
      2      1      1      2           8           0   6.9128674821428584     
      2      1      1      2           6           0  -2.2819020693359793     
      2      1      1      2           4           0   2.3180367565123587     
      2      1      1      2           2           0  -3.1833566174303680     
      2      1      1      3           4           0  0.87322388728689826     
      2      1      1      3           2           0  0.88047560303881145     
      2      1      2      1           6           0   1.9778072595547340     
      2      1      2      1           4           0  -4.6405087070355400     
      2      1      2      1           2           0   1.3586930275058275     
      2      1      2      1           0           0  -8.8397528766123319     
      2      1      2      2           8           0   4.2146220148689899     
      2      1      2      2           6           0  -1.3150391450761549     
      2      1      2      2           4           0   3.9822558060063908     
      2      1      2      2           2           0   1.3197886039123627     
      2      1      2      3           4           0   1.2795464768856672     
      2      1      2      3           2           0 -0.12306138319240278     
      2      1      3      1           6           0 -0.93329737710881955     
      2      1      3      1           4           0  -1.2345761860662137     
      2      1      3      2           6           0 -0.40444245393505185     
      2      1      3      2           4           0   2.1520784351044790     
      2      1      3      3           4           0   2.2446842311544630     
      2      2      1      1           8           0  -4.7065943472829996     
      2      2      1      1           6           0   1.6139046637158354     
      2      2      1      1           4           0  -1.9922139165569732     
      2      2      1      1           2           0  0.30708400844187922     
      2      2      1      2           8           0  -4.2146220148689890     
      2      2      1      2           6           0   1.3150391450761543     
      2      2      1      2           4           0  -3.9822558060063913     
      2      2      1      2           2           0  -1.3197886039123619     
      2      2      1      3           6           0  0.70874620153198398     
      2      2      1      3           4           0  -1.0546026729946611     
      2      2      2      1           8           0  -4.2146220148689890     
      2      2      2      1           6           0   1.3150391450761543     
      2      2      2      1           4           0  -3.9822558060063917     
      2      2      2      1           2           0  -1.3197886039123616     
      2      2      2      2          10           0   2.7869111148605307E-002
      2      2      2      2           8           0  -2.5194662976190481     
      2      2      2      2           6           0   2.9618422712106964     
      2      2      2      2           4           0  -5.7387307703815393     
      2      2      2      2           2           0   5.5026466320781600     
      2      2      2      2           0           0  -10.986362000000002     
      2      2      2      3           6           0 -0.12474370449015670     
      2      2      2      3           4           0  -2.4537189409947859     
      2      2      3      1           6           0  0.70874620153198398     
      2      2      3      1           4           0  -1.0546026729946611     
      2      2      3      2           6           0 -0.12474370449015670     
      2      2      3      2           4           0  -2.4537189409947859     
      2      2      3      3           6           0 -0.53838424151056796     
      2      2      3      3           4           0  -1.5531844375723995     
      2      3      1      1           4           0 -0.48326731289165398     
      2      3      1      1           2           0  -7.2278752396792711E-003
      2      3      1      2           6           0  0.40444245393505174     
      2      3      1      2           4           0  -2.1520784351044790     
      2      3      1      3           2           0 -0.90966711230056552     
      2      3      2      1           4           0  -1.2795464768856672     
      2      3      2      1           2           0  0.12306138319240256     
      2      3      2      2           6           0 -0.12474370449015759     
      2      3      2      2           4           0  -2.4537189409947864     
      2      3      2      3           2           0   1.7350290741184278     
      2      3      2      3           0           0  -4.0240433303356404     
      2      3      3      1           4           0  -4.1781477996238054     
      2      3      3      2           6           0  0.34780914447689559     
      2      3      3      2           4           0  -5.8574214343182831     
      3      1      1      1           4           0  -1.0665761842780239     
      3      1      1      1           2           0  -3.7743568815508666E-002
      3      1      1      2           4           0  0.87322388728689804     
      3      1      1      2           2           0  0.88047560303881123     
      3      1      1      3           4           0   3.8580068726916918     
      3      1      1      3           2           0 -0.62253997994058285     
      3      1      2      1           6           0 -0.93329737710881899     
      3      1      2      1           4           0  -1.2345761860662139     
      3      1      2      2           6           0 -0.70874620153198431     
      3      1      2      2           4           0   1.0546026729946616     
      3      1      2      3           4           0   4.1781477996238046     
      3      1      3      1           2           0 -0.85391521417408167     
      3      1      3      1           0           0  -3.4215095787091960     
      3      1      3      2           2           0  0.90966711230056552     
      3      1      3      3           2           0  -1.0211285870329947     
      3      2      1      1           4           0 -0.48326731289165398     
      3      2      1      1           2           0  -7.2278752396792711E-003
      3      2      1      2           4           0  -1.2795464768856672     
      3      2      1      2           2           0  0.12306138319240256     
      3      2      1      3           4           0  -4.1781477996238054     
      3      2      2      1           6           0  0.40444245393505174     
      3      2      2      1           4           0  -2.1520784351044795     
      3      2      2      2           6           0 -0.12474370449015759     
      3      2      2      2           4           0  -2.4537189409947864     
      3      2      2      3           6           0  0.34780914447689559     
      3      2      2      3           4           0  -5.8574214343182831     
      3      2      3      1           2           0 -0.90966711230056552     
      3      2      3      2           2           0   1.7350290741184282     
      3      2      3      2           0           0  -4.0240433303356395     
      3      3      1      1           4           0 -0.87839894334084379     
      3      3      1      1           2           0 -0.36792260404966870     
      3      3      1      2           4           0  -2.2446842311544626     
      3      3      1      3           2           0   1.0211285870329947     
      3      3      2      1           4           0  -2.2446842311544626     
      3      3      2      2           6           0 -0.53838424151056796     
      3      3      2      2           4           0  -1.5531844375723993     
      3      3      3      1           2           0   1.0211285870329947     
      3      3      3      3           2           0   1.5836218475888579     
      3      3      3      3           0           0  -5.8080535000000006     
      1      1      1      1           6           0  0.94780561555915011     
      1      1      1      1           4           0  -3.4214186809089178     
      1      1      1      1           2           0   2.6730720194626194     
      1      1      1      1           0           0  -6.3708617500000013     
      1      1      1      2           6           0  -1.1004374546549767     
      1      1      1      2           4           0   1.7674896946873122     
      1      1      1      2           2           0  -1.4515767835681750     
      1      1      1      3           4           0   1.0665761842780239     
      1      1      1      3           2           0   3.7743568815508888E-002
      1      1      2      1           6           0  -1.1004374546549767     
      1      1      2      1           4           0   1.7674896946873122     
      1      1      2      1           2           0  -1.4515767835681750     
      1      1      2      2           8           0  -4.7065943472830014     
      1      1      2      2           6           0   1.6139046637158350     
      1      1      2      2           4           0  -1.9922139165569730     
      1      1      2      2           2           0  0.30708400844187989     
      1      1      2      3           4           0 -0.48326731289165392     
      1      1      2      3           2           0  -7.2278752396792434E-003
      1      1      3      1           4           0   1.0665761842780239     
      1      1      3      1           2           0   3.7743568815508888E-002
      1      1      3      2           4           0 -0.48326731289165392     
      1      1      3      2           2           0  -7.2278752396792434E-003
      1      1      3      3           4           0 -0.87839894334084390     
      1      1      3      3           2           0 -0.36792260404966859     
      1      2      1      1           6           0   1.1004374546549767     
      1      2      1      1           4           0  -1.7674896946873129     
      1      2      1      1           2           0   1.4515767835681752     
      1      2      1      2           6           0   1.9778072595547338     
      1      2      1      2           4           0  -4.6405087070355400     
      1      2      1      2           2           0   1.3586930275058264     
      1      2      1      2           0           0  -8.8397528766123337     
      1      2      1      3           6           0 -0.93329737710881955     
      1      2      1      3           4           0  -1.2345761860662137     
      1      2      2      1           8           0   6.9128674821428584     
      1      2      2      1           6           0  -2.2819020693359793     
      1      2      2      1           4           0   2.3180367565123587     
      1      2      2      1           2           0  -3.1833566174303689     
      1      2      2      2           8           0   4.2146220148689899     
      1      2      2      2           6           0  -1.3150391450761552     
      1      2      2      2           4           0   3.9822558060063908     
      1      2      2      2           2           0   1.3197886039123627     
      1      2      2      3           6           0 -0.40444245393505185     
      1      2      2      3           4           0   2.1520784351044790     
      1      2      3      1           4           0  0.87322388728689837     
      1      2      3      1           2           0  0.88047560303881145     
      1      2      3      2           4           0   1.2795464768856672     
      1      2      3      2           2           0 -0.12306138319240278     
      1      2      3      3           4           0   2.2446842311544630     
      1      3      1      1           4           0  -1.0665761842780239     
      1      3      1      1           2           0  -3.7743568815508666E-002
      1      3      1      2           6           0 -0.93329737710881899     
      1      3      1      2           4           0  -1.2345761860662139     
      1      3      1      3           2           0 -0.85391521417408167     
      1      3      1      3           0           0  -3.4215095787091960     
      1      3      2      1           4           0  0.87322388728689804     
      1      3      2      1           2           0  0.88047560303881123     
      1      3      2      2           6           0 -0.70874620153198431     
      1      3      2      2           4           0   1.0546026729946616     
      1      3      2      3           2           0  0.90966711230056552     
      1      3      3      1           4           0   3.8580068726916918     
      1      3      3      1           2           0 -0.62253997994058285     
      1      3      3      2           4           0   4.1781477996238046     
      1      3      3      3           2           0  -1.0211285870329947     
      2      1      1      1           6           0   1.1004374546549767     
      2      1      1      1           4           0  -1.7674896946873127     
      2      1      1      1           2           0   1.4515767835681752     
      2      1      1      2           8           0   6.9128674821428584     
      2      1      1      2           6           0  -2.2819020693359793     
      2      1      1      2           4           0   2.3180367565123587     
      2      1      1      2           2           0  -3.1833566174303680     
      2      1      1      3           4           0  0.87322388728689826     
      2      1      1      3           2           0  0.88047560303881145     
      2      1      2      1           6           0   1.9778072595547340     
      2      1      2      1           4           0  -4.6405087070355400     
      2      1      2      1           2           0   1.3586930275058275     
      2      1      2      1           0           0  -8.8397528766123319     
      2      1      2      2           8           0   4.2146220148689899     
      2      1      2      2           6           0  -1.3150391450761549     
      2      1      2      2           4           0   3.9822558060063908     
      2      1      2      2           2           0   1.3197886039123627     
      2      1      2      3           4           0   1.2795464768856672     
      2      1      2      3           2           0 -0.12306138319240278     
      2      1      3      1           6           0 -0.93329737710881955     
      2      1      3      1           4           0  -1.2345761860662137     
      2      1      3      2           6           0 -0.40444245393505185     
      2      1      3      2           4           0   2.1520784351044790     
      2      1      3      3           4           0   2.2446842311544630     
      2      2      1      1           8           0  -4.7065943472829996     
      2      2      1      1           6           0   1.6139046637158354     
      2      2      1      1           4           0  -1.9922139165569732     
      2      2      1      1           2           0  0.30708400844187922     
      2      2      1      2           8           0  -4.2146220148689890     
      2      2      1      2           6           0   1.3150391450761543     
      2      2      1      2           4           0  -3.9822558060063913     
      2      2      1      2           2           0  -1.3197886039123619     
      2      2      1      3           6           0  0.70874620153198398     
      2      2      1      3           4           0  -1.0546026729946611     
      2      2      2      1           8           0  -4.2146220148689890     
      2      2      2      1           6           0   1.3150391450761543     
      2      2      2      1           4           0  -3.9822558060063917     
      2      2      2      1           2           0  -1.3197886039123616     
      2      2      2      2          10           0   2.7869111148605307E-002
      2      2      2      2           8           0  -2.5194662976190481     
      2      2      2      2           6           0   2.9618422712106964     
      2      2      2      2           4           0  -5.7387307703815393     
      2      2      2      2           2           0   5.5026466320781600     
      2      2      2      2           0           0  -10.986362000000002     
      2      2      2      3           6           0 -0.12474370449015670     
      2      2      2      3           4           0  -2.4537189409947859     
      2      2      3      1           6           0  0.70874620153198398     
      2      2      3      1           4           0  -1.0546026729946611     
      2      2      3      2           6           0 -0.12474370449015670     
      2      2      3      2           4           0  -2.4537189409947859     
      2      2      3      3           6           0 -0.53838424151056796     
      2      2      3      3           4           0  -1.5531844375723995     
      2      3      1      1           4           0 -0.48326731289165398     
      2      3      1      1           2           0  -7.2278752396792711E-003
      2      3      1      2           6           0  0.40444245393505174     
      2      3      1      2           4           0  -2.1520784351044790     
      2      3      1      3           2           0 -0.90966711230056552     
      2      3      2      1           4           0  -1.2795464768856672     
      2      3      2      1           2           0  0.12306138319240256     
      2      3      2      2           6           0 -0.12474370449015759     
      2      3      2      2           4           0  -2.4537189409947864     
      2      3      2      3           2           0   1.7350290741184278     
      2      3      2      3           0           0  -4.0240433303356404     
      2      3      3      1           4           0  -4.1781477996238054     
      2      3      3      2           6           0  0.34780914447689559     
      2      3      3      2           4           0  -5.8574214343182831     
      3      1      1      1           4           0  -1.0665761842780239     
      3      1      1      1           2           0  -3.7743568815508666E-002
      3      1      1      2           4           0  0.87322388728689804     
      3      1      1      2           2           0  0.88047560303881123     
      3      1      1      3           4           0   3.8580068726916918     
      3      1      1      3           2           0 -0.62253997994058285     
      3      1      2      1           6           0 -0.93329737710881899     
      3      1      2      1           4           0  -1.2345761860662139     
      3      1      2      2           6           0 -0.70874620153198431     
      3      1      2      2           4           0   1.0546026729946616     
      3      1      2      3           4           0   4.1781477996238046     
      3      1      3      1           2           0 -0.85391521417408167     
      3      1      3      1           0           0  -3.4215095787091960     
      3      1      3      2           2           0  0.90966711230056552     
      3      1      3      3           2           0  -1.0211285870329947     
      3      2      1      1           4           0 -0.48326731289165398     
      3      2      1      1           2           0  -7.2278752396792711E-003
      3      2      1      2           4           0  -1.2795464768856672     
      3      2      1      2           2           0  0.12306138319240256     
      3      2      1      3           4           0  -4.1781477996238054     
      3      2      2      1           6           0  0.40444245393505174     
      3      2      2      1           4           0  -2.1520784351044795     
      3      2      2      2           6           0 -0.12474370449015759     
      3      2      2      2           4           0  -2.4537189409947864     
      3      2      2      3           6           0  0.34780914447689559     
      3      2      2      3           4           0  -5.8574214343182831     
      3      2      3      1           2           0 -0.90966711230056552     
      3      2      3      2           2           0   1.7350290741184282     
      3      2      3      2           0           0  -4.0240433303356395     
      3      3      1      1           4           0 -0.87839894334084379     
      3      3      1      1           2           0 -0.36792260404966870     
      3      3      1      2           4           0  -2.2446842311544626     
      3      3      1      3           2           0   1.0211285870329947     
      3      3      2      1           4           0  -2.2446842311544626     
      3      3      2      2           6           0 -0.53838424151056796     
      3      3      2      2           4           0  -1.5531844375723993     
      3      3      3      1           2           0   1.0211285870329947     
      3      3      3      3           2           0   1.5836218475888579     
      3      3      3      3           0           0  -5.8080535000000006     
         336          10
   1   1   4   4   0   0   0   0 -6.3709   1   1
   1   1   4   4   2   0   0   0  2.6731   1   1
   1   1   4   4   4   0   0   0 -3.4214   1   1
   1   1   4   4   6   0   0   0  0.9478   1   1
   1   1   4   5   2   0   0   0 -1.4516   1   1
   1   1   4   5   4   0   0   0  1.7675   1   1
   1   1   4   5   6   0   0   0 -1.1004   1   1
   1   1   4   6   2   0   0   0  0.0377   1   1
   1   1   4   6   4   0   0   0  1.0666   1   1
   1   1   5   4   2   0   0   0  1.4516   1   1
   1   1   5   4   4   0   0   0 -1.7675   1   1
   1   1   5   4   6   0   0   0  1.1004   1   1
   1   1   5   5   0   0   0   0 -8.8398   1   1
   1   1   5   5   2   0   0   0  1.3587   1   1
   1   1   5   5   4   0   0   0 -4.6405   1   1
   1   1   5   5   6   0   0   0  1.9778   1   1
   1   1   5   6   4   0   0   0 -1.2346   1   1
   1   1   5   6   6   0   0   0 -0.9333   1   1
   1   1   6   4   2   0   0   0 -0.0377   1   1
   1   1   6   4   4   0   0   0 -1.0666   1   1
   1   1   6   5   4   0   0   0 -1.2346   1   1
   1   1   6   5   6   0   0   0 -0.9333   1   1
   1   1   6   6   0   0   0   0 -3.4215   1   1
   1   1   6   6   2   0   0   0 -0.8539   1   1
   1   2   4   4   2   0   0   0 -1.4516   1   1
   1   2   4   4   4   0   0   0  1.7675   1   1
   1   2   4   4   6   0   0   0 -1.1004   1   1
   1   2   4   5   2   0   0   0  0.3071   1   1
   1   2   4   5   4   0   0   0 -1.9922   1   1
   1   2   4   5   6   0   0   0  1.6139   1   1
   1   2   4   5   8   0   0   0 -4.7066   1   1
   1   2   4   6   2   0   0   0 -0.0072   1   1
   1   2   4   6   4   0   0   0 -0.4833   1   1
   1   2   5   4   2   0   0   0 -3.1834   1   1
   1   2   5   4   4   0   0   0  2.3180   1   1
   1   2   5   4   6   0   0   0 -2.2819   1   1
   1   2   5   4   8   0   0   0  6.9129   1   1
   1   2   5   5   2   0   0   0  1.3198   1   1
   1   2   5   5   4   0   0   0  3.9823   1   1
   1   2   5   5   6   0   0   0 -1.3150   1   1
   1   2   5   5   8   0   0   0  4.2146   1   1
   1   2   5   6   4   0   0   0  2.1521   1   1
   1   2   5   6   6   0   0   0 -0.4044   1   1
   1   2   6   4   2   0   0   0  0.8805   1   1
   1   2   6   4   4   0   0   0  0.8732   1   1
   1   2   6   5   4   0   0   0  1.0546   1   1
   1   2   6   5   6   0   0   0 -0.7087   1   1
   1   2   6   6   2   0   0   0  0.9097   1   1
   1   3   4   4   2   0   0   0  0.0377   1   1
   1   3   4   4   4   0   0   0  1.0666   1   1
   1   3   4   5   2   0   0   0 -0.0072   1   1
   1   3   4   5   4   0   0   0 -0.4833   1   1
   1   3   4   6   2   0   0   0 -0.3679   1   1
   1   3   4   6   4   0   0   0 -0.8784   1   1
   1   3   5   4   2   0   0   0  0.8805   1   1
   1   3   5   4   4   0   0   0  0.8732   1   1
   1   3   5   5   2   0   0   0 -0.1231   1   1
   1   3   5   5   4   0   0   0  1.2795   1   1
   1   3   5   6   4   0   0   0  2.2447   1   1
   1   3   6   4   2   0   0   0 -0.6225   1   1
   1   3   6   4   4   0   0   0  3.8580   1   1
   1   3   6   5   4   0   0   0  4.1781   1   1
   1   3   6   6   2   0   0   0 -1.0211   1   1
   2   1   4   4   2   0   0   0  1.4516   1   1
   2   1   4   4   4   0   0   0 -1.7675   1   1
   2   1   4   4   6   0   0   0  1.1004   1   1
   2   1   4   5   2   0   0   0 -3.1834   1   1
   2   1   4   5   4   0   0   0  2.3180   1   1
   2   1   4   5   6   0   0   0 -2.2819   1   1
   2   1   4   5   8   0   0   0  6.9129   1   1
   2   1   4   6   2   0   0   0  0.8805   1   1
   2   1   4   6   4   0   0   0  0.8732   1   1
   2   1   5   4   2   0   0   0  0.3071   1   1
   2   1   5   4   4   0   0   0 -1.9922   1   1
   2   1   5   4   6   0   0   0  1.6139   1   1
   2   1   5   4   8   0   0   0 -4.7066   1   1
   2   1   5   5   2   0   0   0 -1.3198   1   1
   2   1   5   5   4   0   0   0 -3.9823   1   1
   2   1   5   5   6   0   0   0  1.3150   1   1
   2   1   5   5   8   0   0   0 -4.2146   1   1
   2   1   5   6   4   0   0   0 -1.0546   1   1
   2   1   5   6   6   0   0   0  0.7087   1   1
   2   1   6   4   2   0   0   0 -0.0072   1   1
   2   1   6   4   4   0   0   0 -0.4833   1   1
   2   1   6   5   4   0   0   0 -2.1521   1   1
   2   1   6   5   6   0   0   0  0.4044   1   1
   2   1   6   6   2   0   0   0 -0.9097   1   1
   2   2   4   4   0   0   0   0 -8.8398   1   1
   2   2   4   4   2   0   0   0  1.3587   1   1
   2   2   4   4   4   0   0   0 -4.6405   1   1
   2   2   4   4   6   0   0   0  1.9778   1   1
   2   2   4   5   2   0   0   0  1.3198   1   1
   2   2   4   5   4   0   0   0  3.9823   1   1
   2   2   4   5   6   0   0   0 -1.3150   1   1
   2   2   4   5   8   0   0   0  4.2146   1   1
   2   2   4   6   2   0   0   0 -0.1231   1   1
   2   2   4   6   4   0   0   0  1.2795   1   1
   2   2   5   4   2   0   0   0 -1.3198   1   1
   2   2   5   4   4   0   0   0 -3.9823   1   1
   2   2   5   4   6   0   0   0  1.3150   1   1
   2   2   5   4   8   0   0   0 -4.2146   1   1
   2   2   5   5   0   0   0   0-10.9864   1   1
   2   2   5   5   2   0   0   0  5.5026   1   1
   2   2   5   5   4   0   0   0 -5.7387   1   1
   2   2   5   5   6   0   0   0  2.9618   1   1
   2   2   5   5   8   0   0   0 -2.5195   1   1
   2   2   5   5  10   0   0   0  0.0279   1   1
   2   2   5   6   4   0   0   0 -2.4537   1   1
   2   2   5   6   6   0   0   0 -0.1247   1   1
   2   2   6   4   2   0   0   0  0.1231   1   1
   2   2   6   4   4   0   0   0 -1.2795   1   1
   2   2   6   5   4   0   0   0 -2.4537   1   1
   2   2   6   5   6   0   0   0 -0.1247   1   1
   2   2   6   6   0   0   0   0 -4.0240   1   1
   2   2   6   6   2   0   0   0  1.7350   1   1
   2   3   4   4   4   0   0   0 -1.2346   1   1
   2   3   4   4   6   0   0   0 -0.9333   1   1
   2   3   4   5   4   0   0   0  2.1521   1   1
   2   3   4   5   6   0   0   0 -0.4044   1   1
   2   3   4   6   4   0   0   0  2.2447   1   1
   2   3   5   4   4   0   0   0 -1.0546   1   1
   2   3   5   4   6   0   0   0  0.7087   1   1
   2   3   5   5   4   0   0   0 -2.4537   1   1
   2   3   5   5   6   0   0   0 -0.1247   1   1
   2   3   5   6   4   0   0   0 -1.5532   1   1
   2   3   5   6   6   0   0   0 -0.5384   1   1
   2   3   6   4   4   0   0   0 -4.1781   1   1
   2   3   6   5   4   0   0   0 -5.8574   1   1
   2   3   6   5   6   0   0   0  0.3478   1   1
   3   1   4   4   2   0   0   0 -0.0377   1   1
   3   1   4   4   4   0   0   0 -1.0666   1   1
   3   1   4   5   2   0   0   0  0.8805   1   1
   3   1   4   5   4   0   0   0  0.8732   1   1
   3   1   4   6   2   0   0   0 -0.6225   1   1
   3   1   4   6   4   0   0   0  3.8580   1   1
   3   1   5   4   2   0   0   0 -0.0072   1   1
   3   1   5   4   4   0   0   0 -0.4833   1   1
   3   1   5   5   2   0   0   0  0.1231   1   1
   3   1   5   5   4   0   0   0 -1.2795   1   1
   3   1   5   6   4   0   0   0 -4.1781   1   1
   3   1   6   4   2   0   0   0 -0.3679   1   1
   3   1   6   4   4   0   0   0 -0.8784   1   1
   3   1   6   5   4   0   0   0 -2.2447   1   1
   3   1   6   6   2   0   0   0  1.0211   1   1
   3   2   4   4   4   0   0   0 -1.2346   1   1
   3   2   4   4   6   0   0   0 -0.9333   1   1
   3   2   4   5   4   0   0   0  1.0546   1   1
   3   2   4   5   6   0   0   0 -0.7087   1   1
   3   2   4   6   4   0   0   0  4.1781   1   1
   3   2   5   4   4   0   0   0 -2.1521   1   1
   3   2   5   4   6   0   0   0  0.4044   1   1
   3   2   5   5   4   0   0   0 -2.4537   1   1
   3   2   5   5   6   0   0   0 -0.1247   1   1
   3   2   5   6   4   0   0   0 -5.8574   1   1
   3   2   5   6   6   0   0   0  0.3478   1   1
   3   2   6   4   4   0   0   0 -2.2447   1   1
   3   2   6   5   4   0   0   0 -1.5532   1   1
   3   2   6   5   6   0   0   0 -0.5384   1   1
   3   3   4   4   0   0   0   0 -3.4215   1   1
   3   3   4   4   2   0   0   0 -0.8539   1   1
   3   3   4   5   2   0   0   0  0.9097   1   1
   3   3   4   6   2   0   0   0 -1.0211   1   1
   3   3   5   4   2   0   0   0 -0.9097   1   1
   3   3   5   5   0   0   0   0 -4.0240   1   1
   3   3   5   5   2   0   0   0  1.7350   1   1
   3   3   6   4   2   0   0   0  1.0211   1   1
   3   3   6   6   0   0   0   0 -5.8081   1   1
   3   3   6   6   2   0   0   0  1.5836   1   1
   4   4   1   1   0   0   0   0 -6.3709   1   1
   4   4   1   1   2   0   0   0  2.6731   1   1
   4   4   1   1   4   0   0   0 -3.4214   1   1
   4   4   1   1   6   0   0   0  0.9478   1   1
   4   4   1   2   2   0   0   0 -1.4516   1   1
   4   4   1   2   4   0   0   0  1.7675   1   1
   4   4   1   2   6   0   0   0 -1.1004   1   1
   4   4   1   3   2   0   0   0  0.0377   1   1
   4   4   1   3   4   0   0   0  1.0666   1   1
   4   4   2   1   2   0   0   0  1.4516   1   1
   4   4   2   1   4   0   0   0 -1.7675   1   1
   4   4   2   1   6   0   0   0  1.1004   1   1
   4   4   2   2   0   0   0   0 -8.8398   1   1
   4   4   2   2   2   0   0   0  1.3587   1   1
   4   4   2   2   4   0   0   0 -4.6405   1   1
   4   4   2   2   6   0   0   0  1.9778   1   1
   4   4   2   3   4   0   0   0 -1.2346   1   1
   4   4   2   3   6   0   0   0 -0.9333   1   1
   4   4   3   1   2   0   0   0 -0.0377   1   1
   4   4   3   1   4   0   0   0 -1.0666   1   1
   4   4   3   2   4   0   0   0 -1.2346   1   1
   4   4   3   2   6   0   0   0 -0.9333   1   1
   4   4   3   3   0   0   0   0 -3.4215   1   1
   4   4   3   3   2   0   0   0 -0.8539   1   1
   4   5   1   1   2   0   0   0 -1.4516   1   1
   4   5   1   1   4   0   0   0  1.7675   1   1
   4   5   1   1   6   0   0   0 -1.1004   1   1
   4   5   1   2   2   0   0   0  0.3071   1   1
   4   5   1   2   4   0   0   0 -1.9922   1   1
   4   5   1   2   6   0   0   0  1.6139   1   1
   4   5   1   2   8   0   0   0 -4.7066   1   1
   4   5   1   3   2   0   0   0 -0.0072   1   1
   4   5   1   3   4   0   0   0 -0.4833   1   1
   4   5   2   1   2   0   0   0 -3.1834   1   1
   4   5   2   1   4   0   0   0  2.3180   1   1
   4   5   2   1   6   0   0   0 -2.2819   1   1
   4   5   2   1   8   0   0   0  6.9129   1   1
   4   5   2   2   2   0   0   0  1.3198   1   1
   4   5   2   2   4   0   0   0  3.9823   1   1
   4   5   2   2   6   0   0   0 -1.3150   1   1
   4   5   2   2   8   0   0   0  4.2146   1   1
   4   5   2   3   4   0   0   0  2.1521   1   1
   4   5   2   3   6   0   0   0 -0.4044   1   1
   4   5   3   1   2   0   0   0  0.8805   1   1
   4   5   3   1   4   0   0   0  0.8732   1   1
   4   5   3   2   4   0   0   0  1.0546   1   1
   4   5   3   2   6   0   0   0 -0.7087   1   1
   4   5   3   3   2   0   0   0  0.9097   1   1
   4   6   1   1   2   0   0   0  0.0377   1   1
   4   6   1   1   4   0   0   0  1.0666   1   1
   4   6   1   2   2   0   0   0 -0.0072   1   1
   4   6   1   2   4   0   0   0 -0.4833   1   1
   4   6   1   3   2   0   0   0 -0.3679   1   1
   4   6   1   3   4   0   0   0 -0.8784   1   1
   4   6   2   1   2   0   0   0  0.8805   1   1
   4   6   2   1   4   0   0   0  0.8732   1   1
   4   6   2   2   2   0   0   0 -0.1231   1   1
   4   6   2   2   4   0   0   0  1.2795   1   1
   4   6   2   3   4   0   0   0  2.2447   1   1
   4   6   3   1   2   0   0   0 -0.6225   1   1
   4   6   3   1   4   0   0   0  3.8580   1   1
   4   6   3   2   4   0   0   0  4.1781   1   1
   4   6   3   3   2   0   0   0 -1.0211   1   1
   5   4   1   1   2   0   0   0  1.4516   1   1
   5   4   1   1   4   0   0   0 -1.7675   1   1
   5   4   1   1   6   0   0   0  1.1004   1   1
   5   4   1   2   2   0   0   0 -3.1834   1   1
   5   4   1   2   4   0   0   0  2.3180   1   1
   5   4   1   2   6   0   0   0 -2.2819   1   1
   5   4   1   2   8   0   0   0  6.9129   1   1
   5   4   1   3   2   0   0   0  0.8805   1   1
   5   4   1   3   4   0   0   0  0.8732   1   1
   5   4   2   1   2   0   0   0  0.3071   1   1
   5   4   2   1   4   0   0   0 -1.9922   1   1
   5   4   2   1   6   0   0   0  1.6139   1   1
   5   4   2   1   8   0   0   0 -4.7066   1   1
   5   4   2   2   2   0   0   0 -1.3198   1   1
   5   4   2   2   4   0   0   0 -3.9823   1   1
   5   4   2   2   6   0   0   0  1.3150   1   1
   5   4   2   2   8   0   0   0 -4.2146   1   1
   5   4   2   3   4   0   0   0 -1.0546   1   1
   5   4   2   3   6   0   0   0  0.7087   1   1
   5   4   3   1   2   0   0   0 -0.0072   1   1
   5   4   3   1   4   0   0   0 -0.4833   1   1
   5   4   3   2   4   0   0   0 -2.1521   1   1
   5   4   3   2   6   0   0   0  0.4044   1   1
   5   4   3   3   2   0   0   0 -0.9097   1   1
   5   5   1   1   0   0   0   0 -8.8398   1   1
   5   5   1   1   2   0   0   0  1.3587   1   1
   5   5   1   1   4   0   0   0 -4.6405   1   1
   5   5   1   1   6   0   0   0  1.9778   1   1
   5   5   1   2   2   0   0   0  1.3198   1   1
   5   5   1   2   4   0   0   0  3.9823   1   1
   5   5   1   2   6   0   0   0 -1.3150   1   1
   5   5   1   2   8   0   0   0  4.2146   1   1
   5   5   1   3   2   0   0   0 -0.1231   1   1
   5   5   1   3   4   0   0   0  1.2795   1   1
   5   5   2   1   2   0   0   0 -1.3198   1   1
   5   5   2   1   4   0   0   0 -3.9823   1   1
   5   5   2   1   6   0   0   0  1.3150   1   1
   5   5   2   1   8   0   0   0 -4.2146   1   1
   5   5   2   2   0   0   0   0-10.9864   1   1
   5   5   2   2   2   0   0   0  5.5026   1   1
   5   5   2   2   4   0   0   0 -5.7387   1   1
   5   5   2   2   6   0   0   0  2.9618   1   1
   5   5   2   2   8   0   0   0 -2.5195   1   1
   5   5   2   2  10   0   0   0  0.0279   1   1
   5   5   2   3   4   0   0   0 -2.4537   1   1
   5   5   2   3   6   0   0   0 -0.1247   1   1
   5   5   3   1   2   0   0   0  0.1231   1   1
   5   5   3   1   4   0   0   0 -1.2795   1   1
   5   5   3   2   4   0   0   0 -2.4537   1   1
   5   5   3   2   6   0   0   0 -0.1247   1   1
   5   5   3   3   0   0   0   0 -4.0240   1   1
   5   5   3   3   2   0   0   0  1.7350   1   1
   5   6   1   1   4   0   0   0 -1.2346   1   1
   5   6   1   1   6   0   0   0 -0.9333   1   1
   5   6   1   2   4   0   0   0  2.1521   1   1
   5   6   1   2   6   0   0   0 -0.4044   1   1
   5   6   1   3   4   0   0   0  2.2447   1   1
   5   6   2   1   4   0   0   0 -1.0546   1   1
   5   6   2   1   6   0   0   0  0.7087   1   1
   5   6   2   2   4   0   0   0 -2.4537   1   1
   5   6   2   2   6   0   0   0 -0.1247   1   1
   5   6   2   3   4   0   0   0 -1.5532   1   1
   5   6   2   3   6   0   0   0 -0.5384   1   1
   5   6   3   1   4   0   0   0 -4.1781   1   1
   5   6   3   2   4   0   0   0 -5.8574   1   1
   5   6   3   2   6   0   0   0  0.3478   1   1
   6   4   1   1   2   0   0   0 -0.0377   1   1
   6   4   1   1   4   0   0   0 -1.0666   1   1
   6   4   1   2   2   0   0   0  0.8805   1   1
   6   4   1   2   4   0   0   0  0.8732   1   1
   6   4   1   3   2   0   0   0 -0.6225   1   1
   6   4   1   3   4   0   0   0  3.8580   1   1
   6   4   2   1   2   0   0   0 -0.0072   1   1
   6   4   2   1   4   0   0   0 -0.4833   1   1
   6   4   2   2   2   0   0   0  0.1231   1   1
   6   4   2   2   4   0   0   0 -1.2795   1   1
   6   4   2   3   4   0   0   0 -4.1781   1   1
   6   4   3   1   2   0   0   0 -0.3679   1   1
   6   4   3   1   4   0   0   0 -0.8784   1   1
   6   4   3   2   4   0   0   0 -2.2447   1   1
   6   4   3   3   2   0   0   0  1.0211   1   1
   6   5   1   1   4   0   0   0 -1.2346   1   1
   6   5   1   1   6   0   0   0 -0.9333   1   1
   6   5   1   2   4   0   0   0  1.0546   1   1
   6   5   1   2   6   0   0   0 -0.7087   1   1
   6   5   1   3   4   0   0   0  4.1781   1   1
   6   5   2   1   4   0   0   0 -2.1521   1   1
   6   5   2   1   6   0   0   0  0.4044   1   1
   6   5   2   2   4   0   0   0 -2.4537   1   1
   6   5   2   2   6   0   0   0 -0.1247   1   1
   6   5   2   3   4   0   0   0 -5.8574   1   1
   6   5   2   3   6   0   0   0  0.3478   1   1
   6   5   3   1   4   0   0   0 -2.2447   1   1
   6   5   3   2   4   0   0   0 -1.5532   1   1
   6   5   3   2   6   0   0   0 -0.5384   1   1
   6   6   1   1   0   0   0   0 -3.4215   1   1
   6   6   1   1   2   0   0   0 -0.8539   1   1
   6   6   1   2   2   0   0   0  0.9097   1   1
   6   6   1   3   2   0   0   0 -1.0211   1   1
   6   6   2   1   2   0   0   0 -0.9097   1   1
   6   6   2   2   0   0   0   0 -4.0240   1   1
   6   6   2   2   2   0   0   0  1.7350   1   1
   6   6   3   1   2   0   0   0  1.0211   1   1
   6   6   3   3   0   0   0   0 -5.8081   1   1
   6   6   3   3   2   0   0   0  1.5836   1   1
