      1      1      1      1           6           0   1.0291422283768563     
      1      1      1      1           4           0  -3.7150310650610727     
      1      1      1      1           2           0   2.9024637025840176     
      1      1      1      1           0           0  -6.9175830000000023     
      1      1      1      2           6           0  -1.1948729200632648     
      1      1      1      2           4           0   1.9191688844316177     
      1      1      1      2           2           0  -1.5761455312364046     
      1      1      1      3           4           0   1.1581069862391593     
      1      1      1      3           2           0   4.0981669933669751E-002
      1      1      2      1           6           0  -1.1948729200632648     
      1      1      2      1           4           0   1.9191688844316177     
      1      1      2      1           2           0  -1.5761455312364046     
      1      1      2      2           8           0  -5.1104955654543520     
      1      1      2      2           6           0   1.7524023245935147     
      1      1      2      2           4           0  -2.1631774955487000     
      1      1      2      2           2           0  0.33343795661762354     
      1      1      2      3           4           0 -0.52473995500112747     
      1      1      2      3           2           0  -7.8470605588867315E-003
      1      1      3      1           4           0   1.1581069862391593     
      1      1      3      1           2           0   4.0981669933669751E-002
      1      1      3      2           4           0 -0.52473995500112747     
      1      1      3      2           2           0  -7.8470605588867315E-003
      1      1      3      3           4           0 -0.95378027720328640     
      1      1      3      3           2           0 -0.39949623776704402     
      1      2      1      1           6           0   1.1948729200632648     
      1      2      1      1           4           0  -1.9191688844316181     
      1      2      1      1           2           0   1.5761455312364048     
      1      2      1      2           6           0   2.1475340676345565     
      1      2      1      2           4           0  -5.0387376990744075     
      1      2      1      2           2           0   1.4752901010757720     
      1      2      1      2           0           0  -9.5983435200206646     
      1      2      1      3           6           0  -1.0133895554501822     
      1      2      1      3           4           0  -1.3405228882165656     
      1      2      2      1           8           0   7.5061019196428580     
      1      2      2      1           6           0  -2.4777260628206603     
      1      2      2      1           4           0   2.5169624508453885     
      1      2      2      1           2           0  -3.4565401308309607     
      1      2      2      2           8           0   4.5763033955277939     
      1      2      2      2           6           0  -1.4278919249741799     
      1      2      2      2           4           0   4.3239968528019102     
      1      2      2      2           2           0   1.4330466135855511     
      1      2      2      3           6           0 -0.43915115566928170     
      1      2      2      3           4           0   2.3367618205697784     
      1      2      3      1           4           0  0.94816086728644700     
      1      2      3      1           2           0  0.95603451372145176     
      1      2      3      2           4           0   1.3893517120876213     
      1      2      3      2           2           0 -0.13362185786182246     
      1      2      3      3           4           0   2.4373133292718037     
      1      3      1      1           4           0  -1.1581069862391593     
      1      3      1      1           2           0  -4.0981669933669584E-002
      1      3      1      2           6           0  -1.0133895554501815     
      1      3      1      2           4           0  -1.3405228882165658     
      1      3      1      3           2           0 -0.92719501514269798     
      1      3      1      3           0           0  -3.7151300127426605     
      1      3      2      1           4           0  0.94816086728644677     
      1      3      2      1           2           0  0.95603451372145187     
      1      3      2      2           6           0 -0.76956726200211545     
      1      3      2      2           4           0   1.1451032341160639     
      1      3      2      3           2           0  0.98773048146306119     
      1      3      3      1           4           0   4.1890846876102543     
      1      3      3      1           2           0 -0.67596422107464105     
      1      3      3      2           4           0   4.5366990637479194     
      1      3      3      3           2           0  -1.1087566330913201     
      2      1      1      1           6           0   1.1948729200632648     
      2      1      1      1           4           0  -1.9191688844316177     
      2      1      1      1           2           0   1.5761455312364048     
      2      1      1      2           8           0   7.5061019196428580     
      2      1      1      2           6           0  -2.4777260628206603     
      2      1      1      2           4           0   2.5169624508453885     
      2      1      1      2           2           0  -3.4565401308309607     
      2      1      1      3           4           0  0.94816086728644711     
      2      1      1      3           2           0  0.95603451372145176     
      2      1      2      1           6           0   2.1475340676345565     
      2      1      2      1           4           0  -5.0387376990744075     
      2      1      2      1           2           0   1.4752901010757731     
      2      1      2      1           0           0  -9.5983435200206628     
      2      1      2      2           8           0   4.5763033955277939     
      2      1      2      2           6           0  -1.4278919249741797     
      2      1      2      2           4           0   4.3239968528019102     
      2      1      2      2           2           0   1.4330466135855511     
      2      1      2      3           4           0   1.3893517120876213     
      2      1      2      3           2           0 -0.13362185786182246     
      2      1      3      1           6           0  -1.0133895554501822     
      2      1      3      1           4           0  -1.3405228882165656     
      2      1      3      2           6           0 -0.43915115566928170     
      2      1      3      2           4           0   2.3367618205697784     
      2      1      3      3           4           0   2.4373133292718037     
      2      2      1      1           8           0  -5.1104955654543511     
      2      2      1      1           6           0   1.7524023245935154     
      2      2      1      1           4           0  -2.1631774955487009     
      2      2      1      1           2           0  0.33343795661762332     
      2      2      1      2           8           0  -4.5763033955277930     
      2      2      1      2           6           0   1.4278919249741795     
      2      2      1      2           4           0  -4.3239968528019102     
      2      2      1      2           2           0  -1.4330466135855502     
      2      2      1      3           6           0  0.76956726200211512     
      2      2      1      3           4           0  -1.1451032341160632     
      2      2      2      1           8           0  -4.5763033955277930     
      2      2      2      1           6           0   1.4278919249741797     
      2      2      2      1           4           0  -4.3239968528019110     
      2      2      2      1           2           0  -1.4330466135855500     
      2      2      2      2          10           0   3.0260621363013530E-002
      2      2      2      2           8           0  -2.7356746666666663     
      2      2      2      2           6           0   3.2160146756275099     
      2      2      2      2           4           0  -6.2312050171119235     
      2      2      2      2           2           0   5.9748589841293640     
      2      2      2      2           0           0  -11.929165500000000     
      2      2      2      3           6           0 -0.13544989985530997     
      2      2      2      3           4           0  -2.6642854454234417     
      2      2      3      1           6           0  0.76956726200211512     
      2      2      3      1           4           0  -1.1451032341160632     
      2      2      3      2           6           0 -0.13544989985530997     
      2      2      3      2           4           0  -2.6642854454234417     
      2      2      3      3           6           0 -0.58458595667654800     
      2      2      3      3           4           0  -1.6864721635629110     
      2      3      1      1           4           0 -0.52473995500112758     
      2      3      1      1           2           0  -7.8470605588867037E-003
      2      3      1      2           6           0  0.43915115566928148     
      2      3      1      2           4           0  -2.3367618205697784     
      2      3      1      3           2           0 -0.98773048146306119     
      2      3      2      1           4           0  -1.3893517120876218     
      2      3      2      1           2           0  0.13362185786182224     
      2      3      2      2           6           0 -0.13544989985531042     
      2      3      2      2           4           0  -2.6642854454234421     
      2      3      2      3           2           0   1.8839223922232040     
      2      3      2      3           0           0  -4.3693718261200889     
      2      3      3      1           4           0  -4.5366990637479194     
      2      3      3      2           6           0  0.37765762885122267     
      2      3      3      2           4           0  -6.3600798260323339     
      3      1      1      1           4           0  -1.1581069862391593     
      3      1      1      1           2           0  -4.0981669933669584E-002
      3      1      1      2           4           0  0.94816086728644677     
      3      1      1      2           2           0  0.95603451372145187     
      3      1      1      3           4           0   4.1890846876102543     
      3      1      1      3           2           0 -0.67596422107464105     
      3      1      2      1           6           0  -1.0133895554501815     
      3      1      2      1           4           0  -1.3405228882165658     
      3      1      2      2           6           0 -0.76956726200211545     
      3      1      2      2           4           0   1.1451032341160639     
      3      1      2      3           4           0   4.5366990637479194     
      3      1      3      1           2           0 -0.92719501514269798     
      3      1      3      1           0           0  -3.7151300127426605     
      3      1      3      2           2           0  0.98773048146306119     
      3      1      3      3           2           0  -1.1087566330913201     
      3      2      1      1           4           0 -0.52473995500112758     
      3      2      1      1           2           0  -7.8470605588867037E-003
      3      2      1      2           4           0  -1.3893517120876218     
      3      2      1      2           2           0  0.13362185786182224     
      3      2      1      3           4           0  -4.5366990637479194     
      3      2      2      1           6           0  0.43915115566928148     
      3      2      2      1           4           0  -2.3367618205697784     
      3      2      2      2           6           0 -0.13544989985531042     
      3      2      2      2           4           0  -2.6642854454234426     
      3      2      2      3           6           0  0.37765762885122267     
      3      2      2      3           4           0  -6.3600798260323339     
      3      2      3      1           2           0 -0.98773048146306119     
      3      2      3      2           2           0   1.8839223922232047     
      3      2      3      2           0           0  -4.3693718261200898     
      3      3      1      1           4           0 -0.95378027720328606     
      3      3      1      1           2           0 -0.39949623776704390     
      3      3      1      2           4           0  -2.4373133292718028     
      3      3      1      3           2           0   1.1087566330913201     
      3      3      2      1           4           0  -2.4373133292718028     
      3      3      2      2           6           0 -0.58458595667654778     
      3      3      2      2           4           0  -1.6864721635629107     
      3      3      3      1           2           0   1.1087566330913201     
      3      3      3      3           2           0   1.7195211520269238     
      3      3      3      3           0           0  -6.3064760000000009     
      1      1      1      1           6           0   1.0291422283768563     
      1      1      1      1           4           0  -3.7150310650610727     
      1      1      1      1           2           0   2.9024637025840176     
      1      1      1      1           0           0  -6.9175830000000023     
      1      1      1      2           6           0  -1.1948729200632648     
      1      1      1      2           4           0   1.9191688844316177     
      1      1      1      2           2           0  -1.5761455312364046     
      1      1      1      3           4           0   1.1581069862391593     
      1      1      1      3           2           0   4.0981669933669751E-002
      1      1      2      1           6           0  -1.1948729200632648     
      1      1      2      1           4           0   1.9191688844316177     
      1      1      2      1           2           0  -1.5761455312364046     
      1      1      2      2           8           0  -5.1104955654543520     
      1      1      2      2           6           0   1.7524023245935147     
      1      1      2      2           4           0  -2.1631774955487000     
      1      1      2      2           2           0  0.33343795661762354     
      1      1      2      3           4           0 -0.52473995500112747     
      1      1      2      3           2           0  -7.8470605588867315E-003
      1      1      3      1           4           0   1.1581069862391593     
      1      1      3      1           2           0   4.0981669933669751E-002
      1      1      3      2           4           0 -0.52473995500112747     
      1      1      3      2           2           0  -7.8470605588867315E-003
      1      1      3      3           4           0 -0.95378027720328640     
      1      1      3      3           2           0 -0.39949623776704402     
      1      2      1      1           6           0   1.1948729200632648     
      1      2      1      1           4           0  -1.9191688844316181     
      1      2      1      1           2           0   1.5761455312364048     
      1      2      1      2           6           0   2.1475340676345565     
      1      2      1      2           4           0  -5.0387376990744075     
      1      2      1      2           2           0   1.4752901010757720     
      1      2      1      2           0           0  -9.5983435200206646     
      1      2      1      3           6           0  -1.0133895554501822     
      1      2      1      3           4           0  -1.3405228882165656     
      1      2      2      1           8           0   7.5061019196428580     
      1      2      2      1           6           0  -2.4777260628206603     
      1      2      2      1           4           0   2.5169624508453885     
      1      2      2      1           2           0  -3.4565401308309607     
      1      2      2      2           8           0   4.5763033955277939     
      1      2      2      2           6           0  -1.4278919249741799     
      1      2      2      2           4           0   4.3239968528019102     
      1      2      2      2           2           0   1.4330466135855511     
      1      2      2      3           6           0 -0.43915115566928170     
      1      2      2      3           4           0   2.3367618205697784     
      1      2      3      1           4           0  0.94816086728644700     
      1      2      3      1           2           0  0.95603451372145176     
      1      2      3      2           4           0   1.3893517120876213     
      1      2      3      2           2           0 -0.13362185786182246     
      1      2      3      3           4           0   2.4373133292718037     
      1      3      1      1           4           0  -1.1581069862391593     
      1      3      1      1           2           0  -4.0981669933669584E-002
      1      3      1      2           6           0  -1.0133895554501815     
      1      3      1      2           4           0  -1.3405228882165658     
      1      3      1      3           2           0 -0.92719501514269798     
      1      3      1      3           0           0  -3.7151300127426605     
      1      3      2      1           4           0  0.94816086728644677     
      1      3      2      1           2           0  0.95603451372145187     
      1      3      2      2           6           0 -0.76956726200211545     
      1      3      2      2           4           0   1.1451032341160639     
      1      3      2      3           2           0  0.98773048146306119     
      1      3      3      1           4           0   4.1890846876102543     
      1      3      3      1           2           0 -0.67596422107464105     
      1      3      3      2           4           0   4.5366990637479194     
      1      3      3      3           2           0  -1.1087566330913201     
      2      1      1      1           6           0   1.1948729200632648     
      2      1      1      1           4           0  -1.9191688844316177     
      2      1      1      1           2           0   1.5761455312364048     
      2      1      1      2           8           0   7.5061019196428580     
      2      1      1      2           6           0  -2.4777260628206603     
      2      1      1      2           4           0   2.5169624508453885     
      2      1      1      2           2           0  -3.4565401308309607     
      2      1      1      3           4           0  0.94816086728644711     
      2      1      1      3           2           0  0.95603451372145176     
      2      1      2      1           6           0   2.1475340676345565     
      2      1      2      1           4           0  -5.0387376990744075     
      2      1      2      1           2           0   1.4752901010757731     
      2      1      2      1           0           0  -9.5983435200206628     
      2      1      2      2           8           0   4.5763033955277939     
      2      1      2      2           6           0  -1.4278919249741797     
      2      1      2      2           4           0   4.3239968528019102     
      2      1      2      2           2           0   1.4330466135855511     
      2      1      2      3           4           0   1.3893517120876213     
      2      1      2      3           2           0 -0.13362185786182246     
      2      1      3      1           6           0  -1.0133895554501822     
      2      1      3      1           4           0  -1.3405228882165656     
      2      1      3      2           6           0 -0.43915115566928170     
      2      1      3      2           4           0   2.3367618205697784     
      2      1      3      3           4           0   2.4373133292718037     
      2      2      1      1           8           0  -5.1104955654543511     
      2      2      1      1           6           0   1.7524023245935154     
      2      2      1      1           4           0  -2.1631774955487009     
      2      2      1      1           2           0  0.33343795661762332     
      2      2      1      2           8           0  -4.5763033955277930     
      2      2      1      2           6           0   1.4278919249741795     
      2      2      1      2           4           0  -4.3239968528019102     
      2      2      1      2           2           0  -1.4330466135855502     
      2      2      1      3           6           0  0.76956726200211512     
      2      2      1      3           4           0  -1.1451032341160632     
      2      2      2      1           8           0  -4.5763033955277930     
      2      2      2      1           6           0   1.4278919249741797     
      2      2      2      1           4           0  -4.3239968528019110     
      2      2      2      1           2           0  -1.4330466135855500     
      2      2      2      2          10           0   3.0260621363013530E-002
      2      2      2      2           8           0  -2.7356746666666663     
      2      2      2      2           6           0   3.2160146756275099     
      2      2      2      2           4           0  -6.2312050171119235     
      2      2      2      2           2           0   5.9748589841293640     
      2      2      2      2           0           0  -11.929165500000000     
      2      2      2      3           6           0 -0.13544989985530997     
      2      2      2      3           4           0  -2.6642854454234417     
      2      2      3      1           6           0  0.76956726200211512     
      2      2      3      1           4           0  -1.1451032341160632     
      2      2      3      2           6           0 -0.13544989985530997     
      2      2      3      2           4           0  -2.6642854454234417     
      2      2      3      3           6           0 -0.58458595667654800     
      2      2      3      3           4           0  -1.6864721635629110     
      2      3      1      1           4           0 -0.52473995500112758     
      2      3      1      1           2           0  -7.8470605588867037E-003
      2      3      1      2           6           0  0.43915115566928148     
      2      3      1      2           4           0  -2.3367618205697784     
      2      3      1      3           2           0 -0.98773048146306119     
      2      3      2      1           4           0  -1.3893517120876218     
      2      3      2      1           2           0  0.13362185786182224     
      2      3      2      2           6           0 -0.13544989985531042     
      2      3      2      2           4           0  -2.6642854454234421     
      2      3      2      3           2           0   1.8839223922232040     
      2      3      2      3           0           0  -4.3693718261200889     
      2      3      3      1           4           0  -4.5366990637479194     
      2      3      3      2           6           0  0.37765762885122267     
      2      3      3      2           4           0  -6.3600798260323339     
      3      1      1      1           4           0  -1.1581069862391593     
      3      1      1      1           2           0  -4.0981669933669584E-002
      3      1      1      2           4           0  0.94816086728644677     
      3      1      1      2           2           0  0.95603451372145187     
      3      1      1      3           4           0   4.1890846876102543     
      3      1      1      3           2           0 -0.67596422107464105     
      3      1      2      1           6           0  -1.0133895554501815     
      3      1      2      1           4           0  -1.3405228882165658     
      3      1      2      2           6           0 -0.76956726200211545     
      3      1      2      2           4           0   1.1451032341160639     
      3      1      2      3           4           0   4.5366990637479194     
      3      1      3      1           2           0 -0.92719501514269798     
      3      1      3      1           0           0  -3.7151300127426605     
      3      1      3      2           2           0  0.98773048146306119     
      3      1      3      3           2           0  -1.1087566330913201     
      3      2      1      1           4           0 -0.52473995500112758     
      3      2      1      1           2           0  -7.8470605588867037E-003
      3      2      1      2           4           0  -1.3893517120876218     
      3      2      1      2           2           0  0.13362185786182224     
      3      2      1      3           4           0  -4.5366990637479194     
      3      2      2      1           6           0  0.43915115566928148     
      3      2      2      1           4           0  -2.3367618205697784     
      3      2      2      2           6           0 -0.13544989985531042     
      3      2      2      2           4           0  -2.6642854454234426     
      3      2      2      3           6           0  0.37765762885122267     
      3      2      2      3           4           0  -6.3600798260323339     
      3      2      3      1           2           0 -0.98773048146306119     
      3      2      3      2           2           0   1.8839223922232047     
      3      2      3      2           0           0  -4.3693718261200898     
      3      3      1      1           4           0 -0.95378027720328606     
      3      3      1      1           2           0 -0.39949623776704390     
      3      3      1      2           4           0  -2.4373133292718028     
      3      3      1      3           2           0   1.1087566330913201     
      3      3      2      1           4           0  -2.4373133292718028     
      3      3      2      2           6           0 -0.58458595667654778     
      3      3      2      2           4           0  -1.6864721635629107     
      3      3      3      1           2           0   1.1087566330913201     
      3      3      3      3           2           0   1.7195211520269238     
      3      3      3      3           0           0  -6.3064760000000009     
         336          10
   1   1   4   4   0   0   0   0 -6.9176   1   1
   1   1   4   4   2   0   0   0  2.9025   1   1
   1   1   4   4   4   0   0   0 -3.7150   1   1
   1   1   4   4   6   0   0   0  1.0291   1   1
   1   1   4   5   2   0   0   0 -1.5761   1   1
   1   1   4   5   4   0   0   0  1.9192   1   1
   1   1   4   5   6   0   0   0 -1.1949   1   1
   1   1   4   6   2   0   0   0  0.0410   1   1
   1   1   4   6   4   0   0   0  1.1581   1   1
   1   1   5   4   2   0   0   0  1.5761   1   1
   1   1   5   4   4   0   0   0 -1.9192   1   1
   1   1   5   4   6   0   0   0  1.1949   1   1
   1   1   5   5   0   0   0   0 -9.5983   1   1
   1   1   5   5   2   0   0   0  1.4753   1   1
   1   1   5   5   4   0   0   0 -5.0387   1   1
   1   1   5   5   6   0   0   0  2.1475   1   1
   1   1   5   6   4   0   0   0 -1.3405   1   1
   1   1   5   6   6   0   0   0 -1.0134   1   1
   1   1   6   4   2   0   0   0 -0.0410   1   1
   1   1   6   4   4   0   0   0 -1.1581   1   1
   1   1   6   5   4   0   0   0 -1.3405   1   1
   1   1   6   5   6   0   0   0 -1.0134   1   1
   1   1   6   6   0   0   0   0 -3.7151   1   1
   1   1   6   6   2   0   0   0 -0.9272   1   1
   1   2   4   4   2   0   0   0 -1.5761   1   1
   1   2   4   4   4   0   0   0  1.9192   1   1
   1   2   4   4   6   0   0   0 -1.1949   1   1
   1   2   4   5   2   0   0   0  0.3334   1   1
   1   2   4   5   4   0   0   0 -2.1632   1   1
   1   2   4   5   6   0   0   0  1.7524   1   1
   1   2   4   5   8   0   0   0 -5.1105   1   1
   1   2   4   6   2   0   0   0 -0.0078   1   1
   1   2   4   6   4   0   0   0 -0.5247   1   1
   1   2   5   4   2   0   0   0 -3.4565   1   1
   1   2   5   4   4   0   0   0  2.5170   1   1
   1   2   5   4   6   0   0   0 -2.4777   1   1
   1   2   5   4   8   0   0   0  7.5061   1   1
   1   2   5   5   2   0   0   0  1.4330   1   1
   1   2   5   5   4   0   0   0  4.3240   1   1
   1   2   5   5   6   0   0   0 -1.4279   1   1
   1   2   5   5   8   0   0   0  4.5763   1   1
   1   2   5   6   4   0   0   0  2.3368   1   1
   1   2   5   6   6   0   0   0 -0.4392   1   1
   1   2   6   4   2   0   0   0  0.9560   1   1
   1   2   6   4   4   0   0   0  0.9482   1   1
   1   2   6   5   4   0   0   0  1.1451   1   1
   1   2   6   5   6   0   0   0 -0.7696   1   1
   1   2   6   6   2   0   0   0  0.9877   1   1
   1   3   4   4   2   0   0   0  0.0410   1   1
   1   3   4   4   4   0   0   0  1.1581   1   1
   1   3   4   5   2   0   0   0 -0.0078   1   1
   1   3   4   5   4   0   0   0 -0.5247   1   1
   1   3   4   6   2   0   0   0 -0.3995   1   1
   1   3   4   6   4   0   0   0 -0.9538   1   1
   1   3   5   4   2   0   0   0  0.9560   1   1
   1   3   5   4   4   0   0   0  0.9482   1   1
   1   3   5   5   2   0   0   0 -0.1336   1   1
   1   3   5   5   4   0   0   0  1.3894   1   1
   1   3   5   6   4   0   0   0  2.4373   1   1
   1   3   6   4   2   0   0   0 -0.6760   1   1
   1   3   6   4   4   0   0   0  4.1891   1   1
   1   3   6   5   4   0   0   0  4.5367   1   1
   1   3   6   6   2   0   0   0 -1.1088   1   1
   2   1   4   4   2   0   0   0  1.5761   1   1
   2   1   4   4   4   0   0   0 -1.9192   1   1
   2   1   4   4   6   0   0   0  1.1949   1   1
   2   1   4   5   2   0   0   0 -3.4565   1   1
   2   1   4   5   4   0   0   0  2.5170   1   1
   2   1   4   5   6   0   0   0 -2.4777   1   1
   2   1   4   5   8   0   0   0  7.5061   1   1
   2   1   4   6   2   0   0   0  0.9560   1   1
   2   1   4   6   4   0   0   0  0.9482   1   1
   2   1   5   4   2   0   0   0  0.3334   1   1
   2   1   5   4   4   0   0   0 -2.1632   1   1
   2   1   5   4   6   0   0   0  1.7524   1   1
   2   1   5   4   8   0   0   0 -5.1105   1   1
   2   1   5   5   2   0   0   0 -1.4330   1   1
   2   1   5   5   4   0   0   0 -4.3240   1   1
   2   1   5   5   6   0   0   0  1.4279   1   1
   2   1   5   5   8   0   0   0 -4.5763   1   1
   2   1   5   6   4   0   0   0 -1.1451   1   1
   2   1   5   6   6   0   0   0  0.7696   1   1
   2   1   6   4   2   0   0   0 -0.0078   1   1
   2   1   6   4   4   0   0   0 -0.5247   1   1
   2   1   6   5   4   0   0   0 -2.3368   1   1
   2   1   6   5   6   0   0   0  0.4392   1   1
   2   1   6   6   2   0   0   0 -0.9877   1   1
   2   2   4   4   0   0   0   0 -9.5983   1   1
   2   2   4   4   2   0   0   0  1.4753   1   1
   2   2   4   4   4   0   0   0 -5.0387   1   1
   2   2   4   4   6   0   0   0  2.1475   1   1
   2   2   4   5   2   0   0   0  1.4330   1   1
   2   2   4   5   4   0   0   0  4.3240   1   1
   2   2   4   5   6   0   0   0 -1.4279   1   1
   2   2   4   5   8   0   0   0  4.5763   1   1
   2   2   4   6   2   0   0   0 -0.1336   1   1
   2   2   4   6   4   0   0   0  1.3894   1   1
   2   2   5   4   2   0   0   0 -1.4330   1   1
   2   2   5   4   4   0   0   0 -4.3240   1   1
   2   2   5   4   6   0   0   0  1.4279   1   1
   2   2   5   4   8   0   0   0 -4.5763   1   1
   2   2   5   5   0   0   0   0-11.9292   1   1
   2   2   5   5   2   0   0   0  5.9749   1   1
   2   2   5   5   4   0   0   0 -6.2312   1   1
   2   2   5   5   6   0   0   0  3.2160   1   1
   2   2   5   5   8   0   0   0 -2.7357   1   1
   2   2   5   5  10   0   0   0  0.0303   1   1
   2   2   5   6   4   0   0   0 -2.6643   1   1
   2   2   5   6   6   0   0   0 -0.1354   1   1
   2   2   6   4   2   0   0   0  0.1336   1   1
   2   2   6   4   4   0   0   0 -1.3894   1   1
   2   2   6   5   4   0   0   0 -2.6643   1   1
   2   2   6   5   6   0   0   0 -0.1354   1   1
   2   2   6   6   0   0   0   0 -4.3694   1   1
   2   2   6   6   2   0   0   0  1.8839   1   1
   2   3   4   4   4   0   0   0 -1.3405   1   1
   2   3   4   4   6   0   0   0 -1.0134   1   1
   2   3   4   5   4   0   0   0  2.3368   1   1
   2   3   4   5   6   0   0   0 -0.4392   1   1
   2   3   4   6   4   0   0   0  2.4373   1   1
   2   3   5   4   4   0   0   0 -1.1451   1   1
   2   3   5   4   6   0   0   0  0.7696   1   1
   2   3   5   5   4   0   0   0 -2.6643   1   1
   2   3   5   5   6   0   0   0 -0.1354   1   1
   2   3   5   6   4   0   0   0 -1.6865   1   1
   2   3   5   6   6   0   0   0 -0.5846   1   1
   2   3   6   4   4   0   0   0 -4.5367   1   1
   2   3   6   5   4   0   0   0 -6.3601   1   1
   2   3   6   5   6   0   0   0  0.3777   1   1
   3   1   4   4   2   0   0   0 -0.0410   1   1
   3   1   4   4   4   0   0   0 -1.1581   1   1
   3   1   4   5   2   0   0   0  0.9560   1   1
   3   1   4   5   4   0   0   0  0.9482   1   1
   3   1   4   6   2   0   0   0 -0.6760   1   1
   3   1   4   6   4   0   0   0  4.1891   1   1
   3   1   5   4   2   0   0   0 -0.0078   1   1
   3   1   5   4   4   0   0   0 -0.5247   1   1
   3   1   5   5   2   0   0   0  0.1336   1   1
   3   1   5   5   4   0   0   0 -1.3894   1   1
   3   1   5   6   4   0   0   0 -4.5367   1   1
   3   1   6   4   2   0   0   0 -0.3995   1   1
   3   1   6   4   4   0   0   0 -0.9538   1   1
   3   1   6   5   4   0   0   0 -2.4373   1   1
   3   1   6   6   2   0   0   0  1.1088   1   1
   3   2   4   4   4   0   0   0 -1.3405   1   1
   3   2   4   4   6   0   0   0 -1.0134   1   1
   3   2   4   5   4   0   0   0  1.1451   1   1
   3   2   4   5   6   0   0   0 -0.7696   1   1
   3   2   4   6   4   0   0   0  4.5367   1   1
   3   2   5   4   4   0   0   0 -2.3368   1   1
   3   2   5   4   6   0   0   0  0.4392   1   1
   3   2   5   5   4   0   0   0 -2.6643   1   1
   3   2   5   5   6   0   0   0 -0.1354   1   1
   3   2   5   6   4   0   0   0 -6.3601   1   1
   3   2   5   6   6   0   0   0  0.3777   1   1
   3   2   6   4   4   0   0   0 -2.4373   1   1
   3   2   6   5   4   0   0   0 -1.6865   1   1
   3   2   6   5   6   0   0   0 -0.5846   1   1
   3   3   4   4   0   0   0   0 -3.7151   1   1
   3   3   4   4   2   0   0   0 -0.9272   1   1
   3   3   4   5   2   0   0   0  0.9877   1   1
   3   3   4   6   2   0   0   0 -1.1088   1   1
   3   3   5   4   2   0   0   0 -0.9877   1   1
   3   3   5   5   0   0   0   0 -4.3694   1   1
   3   3   5   5   2   0   0   0  1.8839   1   1
   3   3   6   4   2   0   0   0  1.1088   1   1
   3   3   6   6   0   0   0   0 -6.3065   1   1
   3   3   6   6   2   0   0   0  1.7195   1   1
   4   4   1   1   0   0   0   0 -6.9176   1   1
   4   4   1   1   2   0   0   0  2.9025   1   1
   4   4   1   1   4   0   0   0 -3.7150   1   1
   4   4   1   1   6   0   0   0  1.0291   1   1
   4   4   1   2   2   0   0   0 -1.5761   1   1
   4   4   1   2   4   0   0   0  1.9192   1   1
   4   4   1   2   6   0   0   0 -1.1949   1   1
   4   4   1   3   2   0   0   0  0.0410   1   1
   4   4   1   3   4   0   0   0  1.1581   1   1
   4   4   2   1   2   0   0   0  1.5761   1   1
   4   4   2   1   4   0   0   0 -1.9192   1   1
   4   4   2   1   6   0   0   0  1.1949   1   1
   4   4   2   2   0   0   0   0 -9.5983   1   1
   4   4   2   2   2   0   0   0  1.4753   1   1
   4   4   2   2   4   0   0   0 -5.0387   1   1
   4   4   2   2   6   0   0   0  2.1475   1   1
   4   4   2   3   4   0   0   0 -1.3405   1   1
   4   4   2   3   6   0   0   0 -1.0134   1   1
   4   4   3   1   2   0   0   0 -0.0410   1   1
   4   4   3   1   4   0   0   0 -1.1581   1   1
   4   4   3   2   4   0   0   0 -1.3405   1   1
   4   4   3   2   6   0   0   0 -1.0134   1   1
   4   4   3   3   0   0   0   0 -3.7151   1   1
   4   4   3   3   2   0   0   0 -0.9272   1   1
   4   5   1   1   2   0   0   0 -1.5761   1   1
   4   5   1   1   4   0   0   0  1.9192   1   1
   4   5   1   1   6   0   0   0 -1.1949   1   1
   4   5   1   2   2   0   0   0  0.3334   1   1
   4   5   1   2   4   0   0   0 -2.1632   1   1
   4   5   1   2   6   0   0   0  1.7524   1   1
   4   5   1   2   8   0   0   0 -5.1105   1   1
   4   5   1   3   2   0   0   0 -0.0078   1   1
   4   5   1   3   4   0   0   0 -0.5247   1   1
   4   5   2   1   2   0   0   0 -3.4565   1   1
   4   5   2   1   4   0   0   0  2.5170   1   1
   4   5   2   1   6   0   0   0 -2.4777   1   1
   4   5   2   1   8   0   0   0  7.5061   1   1
   4   5   2   2   2   0   0   0  1.4330   1   1
   4   5   2   2   4   0   0   0  4.3240   1   1
   4   5   2   2   6   0   0   0 -1.4279   1   1
   4   5   2   2   8   0   0   0  4.5763   1   1
   4   5   2   3   4   0   0   0  2.3368   1   1
   4   5   2   3   6   0   0   0 -0.4392   1   1
   4   5   3   1   2   0   0   0  0.9560   1   1
   4   5   3   1   4   0   0   0  0.9482   1   1
   4   5   3   2   4   0   0   0  1.1451   1   1
   4   5   3   2   6   0   0   0 -0.7696   1   1
   4   5   3   3   2   0   0   0  0.9877   1   1
   4   6   1   1   2   0   0   0  0.0410   1   1
   4   6   1   1   4   0   0   0  1.1581   1   1
   4   6   1   2   2   0   0   0 -0.0078   1   1
   4   6   1   2   4   0   0   0 -0.5247   1   1
   4   6   1   3   2   0   0   0 -0.3995   1   1
   4   6   1   3   4   0   0   0 -0.9538   1   1
   4   6   2   1   2   0   0   0  0.9560   1   1
   4   6   2   1   4   0   0   0  0.9482   1   1
   4   6   2   2   2   0   0   0 -0.1336   1   1
   4   6   2   2   4   0   0   0  1.3894   1   1
   4   6   2   3   4   0   0   0  2.4373   1   1
   4   6   3   1   2   0   0   0 -0.6760   1   1
   4   6   3   1   4   0   0   0  4.1891   1   1
   4   6   3   2   4   0   0   0  4.5367   1   1
   4   6   3   3   2   0   0   0 -1.1088   1   1
   5   4   1   1   2   0   0   0  1.5761   1   1
   5   4   1   1   4   0   0   0 -1.9192   1   1
   5   4   1   1   6   0   0   0  1.1949   1   1
   5   4   1   2   2   0   0   0 -3.4565   1   1
   5   4   1   2   4   0   0   0  2.5170   1   1
   5   4   1   2   6   0   0   0 -2.4777   1   1
   5   4   1   2   8   0   0   0  7.5061   1   1
   5   4   1   3   2   0   0   0  0.9560   1   1
   5   4   1   3   4   0   0   0  0.9482   1   1
   5   4   2   1   2   0   0   0  0.3334   1   1
   5   4   2   1   4   0   0   0 -2.1632   1   1
   5   4   2   1   6   0   0   0  1.7524   1   1
   5   4   2   1   8   0   0   0 -5.1105   1   1
   5   4   2   2   2   0   0   0 -1.4330   1   1
   5   4   2   2   4   0   0   0 -4.3240   1   1
   5   4   2   2   6   0   0   0  1.4279   1   1
   5   4   2   2   8   0   0   0 -4.5763   1   1
   5   4   2   3   4   0   0   0 -1.1451   1   1
   5   4   2   3   6   0   0   0  0.7696   1   1
   5   4   3   1   2   0   0   0 -0.0078   1   1
   5   4   3   1   4   0   0   0 -0.5247   1   1
   5   4   3   2   4   0   0   0 -2.3368   1   1
   5   4   3   2   6   0   0   0  0.4392   1   1
   5   4   3   3   2   0   0   0 -0.9877   1   1
   5   5   1   1   0   0   0   0 -9.5983   1   1
   5   5   1   1   2   0   0   0  1.4753   1   1
   5   5   1   1   4   0   0   0 -5.0387   1   1
   5   5   1   1   6   0   0   0  2.1475   1   1
   5   5   1   2   2   0   0   0  1.4330   1   1
   5   5   1   2   4   0   0   0  4.3240   1   1
   5   5   1   2   6   0   0   0 -1.4279   1   1
   5   5   1   2   8   0   0   0  4.5763   1   1
   5   5   1   3   2   0   0   0 -0.1336   1   1
   5   5   1   3   4   0   0   0  1.3894   1   1
   5   5   2   1   2   0   0   0 -1.4330   1   1
   5   5   2   1   4   0   0   0 -4.3240   1   1
   5   5   2   1   6   0   0   0  1.4279   1   1
   5   5   2   1   8   0   0   0 -4.5763   1   1
   5   5   2   2   0   0   0   0-11.9292   1   1
   5   5   2   2   2   0   0   0  5.9749   1   1
   5   5   2   2   4   0   0   0 -6.2312   1   1
   5   5   2   2   6   0   0   0  3.2160   1   1
   5   5   2   2   8   0   0   0 -2.7357   1   1
   5   5   2   2  10   0   0   0  0.0303   1   1
   5   5   2   3   4   0   0   0 -2.6643   1   1
   5   5   2   3   6   0   0   0 -0.1354   1   1
   5   5   3   1   2   0   0   0  0.1336   1   1
   5   5   3   1   4   0   0   0 -1.3894   1   1
   5   5   3   2   4   0   0   0 -2.6643   1   1
   5   5   3   2   6   0   0   0 -0.1354   1   1
   5   5   3   3   0   0   0   0 -4.3694   1   1
   5   5   3   3   2   0   0   0  1.8839   1   1
   5   6   1   1   4   0   0   0 -1.3405   1   1
   5   6   1   1   6   0   0   0 -1.0134   1   1
   5   6   1   2   4   0   0   0  2.3368   1   1
   5   6   1   2   6   0   0   0 -0.4392   1   1
   5   6   1   3   4   0   0   0  2.4373   1   1
   5   6   2   1   4   0   0   0 -1.1451   1   1
   5   6   2   1   6   0   0   0  0.7696   1   1
   5   6   2   2   4   0   0   0 -2.6643   1   1
   5   6   2   2   6   0   0   0 -0.1354   1   1
   5   6   2   3   4   0   0   0 -1.6865   1   1
   5   6   2   3   6   0   0   0 -0.5846   1   1
   5   6   3   1   4   0   0   0 -4.5367   1   1
   5   6   3   2   4   0   0   0 -6.3601   1   1
   5   6   3   2   6   0   0   0  0.3777   1   1
   6   4   1   1   2   0   0   0 -0.0410   1   1
   6   4   1   1   4   0   0   0 -1.1581   1   1
   6   4   1   2   2   0   0   0  0.9560   1   1
   6   4   1   2   4   0   0   0  0.9482   1   1
   6   4   1   3   2   0   0   0 -0.6760   1   1
   6   4   1   3   4   0   0   0  4.1891   1   1
   6   4   2   1   2   0   0   0 -0.0078   1   1
   6   4   2   1   4   0   0   0 -0.5247   1   1
   6   4   2   2   2   0   0   0  0.1336   1   1
   6   4   2   2   4   0   0   0 -1.3894   1   1
   6   4   2   3   4   0   0   0 -4.5367   1   1
   6   4   3   1   2   0   0   0 -0.3995   1   1
   6   4   3   1   4   0   0   0 -0.9538   1   1
   6   4   3   2   4   0   0   0 -2.4373   1   1
   6   4   3   3   2   0   0   0  1.1088   1   1
   6   5   1   1   4   0   0   0 -1.3405   1   1
   6   5   1   1   6   0   0   0 -1.0134   1   1
   6   5   1   2   4   0   0   0  1.1451   1   1
   6   5   1   2   6   0   0   0 -0.7696   1   1
   6   5   1   3   4   0   0   0  4.5367   1   1
   6   5   2   1   4   0   0   0 -2.3368   1   1
   6   5   2   1   6   0   0   0  0.4392   1   1
   6   5   2   2   4   0   0   0 -2.6643   1   1
   6   5   2   2   6   0   0   0 -0.1354   1   1
   6   5   2   3   4   0   0   0 -6.3601   1   1
   6   5   2   3   6   0   0   0  0.3777   1   1
   6   5   3   1   4   0   0   0 -2.4373   1   1
   6   5   3   2   4   0   0   0 -1.6865   1   1
   6   5   3   2   6   0   0   0 -0.5846   1   1
   6   6   1   1   0   0   0   0 -3.7151   1   1
   6   6   1   1   2   0   0   0 -0.9272   1   1
   6   6   1   2   2   0   0   0  0.9877   1   1
   6   6   1   3   2   0   0   0 -1.1088   1   1
   6   6   2   1   2   0   0   0 -0.9877   1   1
   6   6   2   2   0   0   0   0 -4.3694   1   1
   6   6   2   2   2   0   0   0  1.8839   1   1
   6   6   3   1   2   0   0   0  1.1088   1   1
   6   6   3   3   0   0   0   0 -6.3065   1   1
   6   6   3   3   2   0   0   0  1.7195   1   1
