      1      1      1      1           6           0   1.0134271270269599     
      1      1      1      1           4           0  -3.6582992253869309     
      1      1      1      1           2           0   2.8581409554310304     
      1      1      1      1           0           0  -6.8119477499999999     
      1      1      1      2           6           0  -1.1766256992806359     
      1      1      1      2           4           0   1.8898613658426986     
      1      1      1      2           2           0  -1.5520766801551802     
      1      1      1      3           4           0   1.1404214123581062     
      1      1      1      3           2           0   4.0356043849011036E-002
      1      1      2      1           6           0  -1.1766256992806359     
      1      1      2      1           4           0   1.8898613658426986     
      1      1      2      1           2           0  -1.5520766801551802     
      1      1      2      2           8           0  -5.0324547983367633     
      1      1      2      2           6           0   1.7256412294962411     
      1      1      2      2           4           0  -2.1301431834279168     
      1      1      2      2           2           0  0.32834564775034059     
      1      1      2      3           4           0 -0.51672707488021863     
      1      1      2      3           2           0  -7.7284765467013072E-003
      1      1      3      1           4           0   1.1404214123581062     
      1      1      3      1           2           0   4.0356043849011036E-002
      1      1      3      2           4           0 -0.51672707488021863     
      1      1      3      2           2           0  -7.7284765467013072E-003
      1      1      3      3           4           0 -0.93921484174822001     
      1      1      3      3           2           0 -0.39339535537149672     
      1      2      1      1           6           0   1.1766256992806357     
      1      2      1      1           4           0  -1.8898613658426990     
      1      2      1      1           2           0   1.5520766801551806     
      1      2      1      2           6           0   2.1147404242421670     
      1      2      1      2           4           0  -4.9617930164065420     
      1      2      1      2           2           0   1.4527622594610197     
      1      2      1      2           0           0  -9.4517703404195696     
      1      2      1      3           6           0 -0.99791443192847684     
      1      2      1      3           4           0  -1.3200526097319438     
      1      2      2      1           8           0   7.3914781607142874     
      1      2      2      1           6           0  -2.4398880882481189     
      1      2      2      1           4           0   2.4785257493471393     
      1      2      2      1           2           0  -3.4037560123741102     
      1      2      2      2           8           0   4.5064197174370300     
      1      2      2      2           6           0  -1.4060865968962850     
      1      2      2      2           4           0   4.2579662815231183     
      1      2      2      2           2           0   1.4111629885883457     
      1      2      2      3           6           0 -0.43244446197825748     
      1      2      2      3           4           0   2.3010789361188992     
      1      2      3      1           4           0  0.93368242624278697     
      1      2      3      1           2           0  0.94143458635193189     
      1      2      3      2           4           0   1.3681349240435277     
      1      2      3      2           2           0 -0.13158166471116051     
      1      2      3      3           4           0   2.4000945573750845     
      1      3      1      1           4           0  -1.1404214123581060     
      1      3      1      1           2           0  -4.0356043849010759E-002
      1      3      1      2           6           0 -0.99791443192847640     
      1      3      1      2           4           0  -1.3200526097319443     
      1      3      1      3           2           0 -0.91303638703118972     
      1      3      1      3           0           0  -3.6583974214745019     
      1      3      2      1           4           0  0.93368242624278674     
      1      3      2      1           2           0  0.94143458635193178     
      1      3      2      2           6           0 -0.75781490835457155     
      1      3      2      2           4           0   1.1276173974977299     
      1      3      2      3           2           0  0.97264820295482424     
      1      3      3      1           4           0   4.1251146958929459     
      1      3      3      1           2           0 -0.66564249729963598     
      1      3      3      2           4           0   4.4674212056690203     
      1      3      3      3           2           0  -1.0918257599892025     
      2      1      1      1           6           0   1.1766256992806357     
      2      1      1      1           4           0  -1.8898613658426986     
      2      1      1      1           2           0   1.5520766801551806     
      2      1      1      2           8           0   7.3914781607142874     
      2      1      1      2           6           0  -2.4398880882481189     
      2      1      1      2           4           0   2.4785257493471393     
      2      1      1      2           2           0  -3.4037560123741093     
      2      1      1      3           4           0  0.93368242624278697     
      2      1      1      3           2           0  0.94143458635193200     
      2      1      2      1           6           0   2.1147404242421670     
      2      1      2      1           4           0  -4.9617930164065420     
      2      1      2      1           2           0   1.4527622594610208     
      2      1      2      1           0           0  -9.4517703404195661     
      2      1      2      2           8           0   4.5064197174370300     
      2      1      2      2           6           0  -1.4060865968962850     
      2      1      2      2           4           0   4.2579662815231183     
      2      1      2      2           2           0   1.4111629885883457     
      2      1      2      3           4           0   1.3681349240435277     
      2      1      2      3           2           0 -0.13158166471116051     
      2      1      3      1           6           0 -0.99791443192847684     
      2      1      3      1           4           0  -1.3200526097319438     
      2      1      3      2           6           0 -0.43244446197825748     
      2      1      3      2           4           0   2.3010789361188992     
      2      1      3      3           4           0   2.4000945573750845     
      2      2      1      1           8           0  -5.0324547983367633     
      2      2      1      1           6           0   1.7256412294962413     
      2      2      1      1           4           0  -2.1301431834279172     
      2      2      1      1           2           0  0.32834564775034036     
      2      2      1      2           8           0  -4.5064197174370291     
      2      2      1      2           6           0   1.4060865968962846     
      2      2      1      2           4           0  -4.2579662815231192     
      2      2      1      2           2           0  -1.4111629885883448     
      2      2      1      3           6           0  0.75781490835457122     
      2      2      1      3           4           0  -1.1276173974977295     
      2      2      2      1           8           0  -4.5064197174370291     
      2      2      2      1           6           0   1.4060865968962846     
      2      2      2      1           4           0  -4.2579662815231192     
      2      2      2      1           2           0  -1.4111629885883445     
      2      2      2      2          10           0   2.9798386524671948E-002
      2      2      2      2           8           0  -2.6938994880952389     
      2      2      2      2           6           0   3.1669029232152814     
      2      2      2      2           4           0  -6.1360492348369347     
      2      2      2      2           2           0   5.8836209231831802     
      2      2      2      2           0           0  -11.747000333333332     
      2      2      2      3           6           0 -0.13338035390657965     
      2      2      2      3           4           0  -2.6236012791905439     
      2      2      3      1           6           0  0.75781490835457122     
      2      2      3      1           4           0  -1.1276173974977295     
      2      2      3      2           6           0 -0.13338035390657965     
      2      2      3      2           4           0  -2.6236012791905439     
      2      2      3      3           6           0 -0.57565852833202835     
      2      2      3      3           4           0  -1.6607190489910100     
      2      3      1      1           4           0 -0.51672707488021885     
      2      3      1      1           2           0  -7.7284765467013072E-003
      2      3      1      2           6           0  0.43244446197825737     
      2      3      1      2           4           0  -2.3010789361188992     
      2      3      1      3           2           0 -0.97264820295482424     
      2      3      2      1           4           0  -1.3681349240435279     
      2      3      2      1           2           0  0.13158166471116028     
      2      3      2      2           6           0 -0.13338035390658032     
      2      3      2      2           4           0  -2.6236012791905443     
      2      3      2      3           2           0   1.8551532240352080     
      2      3      2      3           0           0  -4.3026478885225465     
      2      3      3      1           4           0  -4.4674212056690212     
      2      3      3      2           6           0  0.37189055243092944     
      2      3      3      2           4           0  -6.2629578904806120     
      3      1      1      1           4           0  -1.1404214123581060     
      3      1      1      1           2           0  -4.0356043849010759E-002
      3      1      1      2           4           0  0.93368242624278674     
      3      1      1      2           2           0  0.94143458635193178     
      3      1      1      3           4           0   4.1251146958929459     
      3      1      1      3           2           0 -0.66564249729963598     
      3      1      2      1           6           0 -0.99791443192847640     
      3      1      2      1           4           0  -1.3200526097319443     
      3      1      2      2           6           0 -0.75781490835457155     
      3      1      2      2           4           0   1.1276173974977299     
      3      1      2      3           4           0   4.4674212056690203     
      3      1      3      1           2           0 -0.91303638703118972     
      3      1      3      1           0           0  -3.6583974214745019     
      3      1      3      2           2           0  0.97264820295482424     
      3      1      3      3           2           0  -1.0918257599892025     
      3      2      1      1           4           0 -0.51672707488021885     
      3      2      1      1           2           0  -7.7284765467013072E-003
      3      2      1      2           4           0  -1.3681349240435279     
      3      2      1      2           2           0  0.13158166471116028     
      3      2      1      3           4           0  -4.4674212056690212     
      3      2      2      1           6           0  0.43244446197825737     
      3      2      2      1           4           0  -2.3010789361188992     
      3      2      2      2           6           0 -0.13338035390658032     
      3      2      2      2           4           0  -2.6236012791905443     
      3      2      2      3           6           0  0.37189055243092944     
      3      2      2      3           4           0  -6.2629578904806120     
      3      2      3      1           2           0 -0.97264820295482424     
      3      2      3      2           2           0   1.8551532240352082     
      3      2      3      2           0           0  -4.3026478885225456     
      3      3      1      1           4           0 -0.93921484174821990     
      3      3      1      1           2           0 -0.39339535537149672     
      3      3      1      2           4           0  -2.4000945573750840     
      3      3      1      3           2           0   1.0918257599892025     
      3      3      2      1           4           0  -2.4000945573750840     
      3      3      2      2           6           0 -0.57565852833202813     
      3      3      2      2           4           0  -1.6607190489910100     
      3      3      3      1           2           0   1.0918257599892025     
      3      3      3      3           2           0   1.6932632617841794     
      3      3      3      3           0           0  -6.2101720000000009     
      1      1      1      1           6           0   1.0134271270269599     
      1      1      1      1           4           0  -3.6582992253869309     
      1      1      1      1           2           0   2.8581409554310304     
      1      1      1      1           0           0  -6.8119477499999999     
      1      1      1      2           6           0  -1.1766256992806359     
      1      1      1      2           4           0   1.8898613658426986     
      1      1      1      2           2           0  -1.5520766801551802     
      1      1      1      3           4           0   1.1404214123581062     
      1      1      1      3           2           0   4.0356043849011036E-002
      1      1      2      1           6           0  -1.1766256992806359     
      1      1      2      1           4           0   1.8898613658426986     
      1      1      2      1           2           0  -1.5520766801551802     
      1      1      2      2           8           0  -5.0324547983367633     
      1      1      2      2           6           0   1.7256412294962411     
      1      1      2      2           4           0  -2.1301431834279168     
      1      1      2      2           2           0  0.32834564775034059     
      1      1      2      3           4           0 -0.51672707488021863     
      1      1      2      3           2           0  -7.7284765467013072E-003
      1      1      3      1           4           0   1.1404214123581062     
      1      1      3      1           2           0   4.0356043849011036E-002
      1      1      3      2           4           0 -0.51672707488021863     
      1      1      3      2           2           0  -7.7284765467013072E-003
      1      1      3      3           4           0 -0.93921484174822001     
      1      1      3      3           2           0 -0.39339535537149672     
      1      2      1      1           6           0   1.1766256992806357     
      1      2      1      1           4           0  -1.8898613658426990     
      1      2      1      1           2           0   1.5520766801551806     
      1      2      1      2           6           0   2.1147404242421670     
      1      2      1      2           4           0  -4.9617930164065420     
      1      2      1      2           2           0   1.4527622594610197     
      1      2      1      2           0           0  -9.4517703404195696     
      1      2      1      3           6           0 -0.99791443192847684     
      1      2      1      3           4           0  -1.3200526097319438     
      1      2      2      1           8           0   7.3914781607142874     
      1      2      2      1           6           0  -2.4398880882481189     
      1      2      2      1           4           0   2.4785257493471393     
      1      2      2      1           2           0  -3.4037560123741102     
      1      2      2      2           8           0   4.5064197174370300     
      1      2      2      2           6           0  -1.4060865968962850     
      1      2      2      2           4           0   4.2579662815231183     
      1      2      2      2           2           0   1.4111629885883457     
      1      2      2      3           6           0 -0.43244446197825748     
      1      2      2      3           4           0   2.3010789361188992     
      1      2      3      1           4           0  0.93368242624278697     
      1      2      3      1           2           0  0.94143458635193189     
      1      2      3      2           4           0   1.3681349240435277     
      1      2      3      2           2           0 -0.13158166471116051     
      1      2      3      3           4           0   2.4000945573750845     
      1      3      1      1           4           0  -1.1404214123581060     
      1      3      1      1           2           0  -4.0356043849010759E-002
      1      3      1      2           6           0 -0.99791443192847640     
      1      3      1      2           4           0  -1.3200526097319443     
      1      3      1      3           2           0 -0.91303638703118972     
      1      3      1      3           0           0  -3.6583974214745019     
      1      3      2      1           4           0  0.93368242624278674     
      1      3      2      1           2           0  0.94143458635193178     
      1      3      2      2           6           0 -0.75781490835457155     
      1      3      2      2           4           0   1.1276173974977299     
      1      3      2      3           2           0  0.97264820295482424     
      1      3      3      1           4           0   4.1251146958929459     
      1      3      3      1           2           0 -0.66564249729963598     
      1      3      3      2           4           0   4.4674212056690203     
      1      3      3      3           2           0  -1.0918257599892025     
      2      1      1      1           6           0   1.1766256992806357     
      2      1      1      1           4           0  -1.8898613658426986     
      2      1      1      1           2           0   1.5520766801551806     
      2      1      1      2           8           0   7.3914781607142874     
      2      1      1      2           6           0  -2.4398880882481189     
      2      1      1      2           4           0   2.4785257493471393     
      2      1      1      2           2           0  -3.4037560123741093     
      2      1      1      3           4           0  0.93368242624278697     
      2      1      1      3           2           0  0.94143458635193200     
      2      1      2      1           6           0   2.1147404242421670     
      2      1      2      1           4           0  -4.9617930164065420     
      2      1      2      1           2           0   1.4527622594610208     
      2      1      2      1           0           0  -9.4517703404195661     
      2      1      2      2           8           0   4.5064197174370300     
      2      1      2      2           6           0  -1.4060865968962850     
      2      1      2      2           4           0   4.2579662815231183     
      2      1      2      2           2           0   1.4111629885883457     
      2      1      2      3           4           0   1.3681349240435277     
      2      1      2      3           2           0 -0.13158166471116051     
      2      1      3      1           6           0 -0.99791443192847684     
      2      1      3      1           4           0  -1.3200526097319438     
      2      1      3      2           6           0 -0.43244446197825748     
      2      1      3      2           4           0   2.3010789361188992     
      2      1      3      3           4           0   2.4000945573750845     
      2      2      1      1           8           0  -5.0324547983367633     
      2      2      1      1           6           0   1.7256412294962413     
      2      2      1      1           4           0  -2.1301431834279172     
      2      2      1      1           2           0  0.32834564775034036     
      2      2      1      2           8           0  -4.5064197174370291     
      2      2      1      2           6           0   1.4060865968962846     
      2      2      1      2           4           0  -4.2579662815231192     
      2      2      1      2           2           0  -1.4111629885883448     
      2      2      1      3           6           0  0.75781490835457122     
      2      2      1      3           4           0  -1.1276173974977295     
      2      2      2      1           8           0  -4.5064197174370291     
      2      2      2      1           6           0   1.4060865968962846     
      2      2      2      1           4           0  -4.2579662815231192     
      2      2      2      1           2           0  -1.4111629885883445     
      2      2      2      2          10           0   2.9798386524671948E-002
      2      2      2      2           8           0  -2.6938994880952389     
      2      2      2      2           6           0   3.1669029232152814     
      2      2      2      2           4           0  -6.1360492348369347     
      2      2      2      2           2           0   5.8836209231831802     
      2      2      2      2           0           0  -11.747000333333332     
      2      2      2      3           6           0 -0.13338035390657965     
      2      2      2      3           4           0  -2.6236012791905439     
      2      2      3      1           6           0  0.75781490835457122     
      2      2      3      1           4           0  -1.1276173974977295     
      2      2      3      2           6           0 -0.13338035390657965     
      2      2      3      2           4           0  -2.6236012791905439     
      2      2      3      3           6           0 -0.57565852833202835     
      2      2      3      3           4           0  -1.6607190489910100     
      2      3      1      1           4           0 -0.51672707488021885     
      2      3      1      1           2           0  -7.7284765467013072E-003
      2      3      1      2           6           0  0.43244446197825737     
      2      3      1      2           4           0  -2.3010789361188992     
      2      3      1      3           2           0 -0.97264820295482424     
      2      3      2      1           4           0  -1.3681349240435279     
      2      3      2      1           2           0  0.13158166471116028     
      2      3      2      2           6           0 -0.13338035390658032     
      2      3      2      2           4           0  -2.6236012791905443     
      2      3      2      3           2           0   1.8551532240352080     
      2      3      2      3           0           0  -4.3026478885225465     
      2      3      3      1           4           0  -4.4674212056690212     
      2      3      3      2           6           0  0.37189055243092944     
      2      3      3      2           4           0  -6.2629578904806120     
      3      1      1      1           4           0  -1.1404214123581060     
      3      1      1      1           2           0  -4.0356043849010759E-002
      3      1      1      2           4           0  0.93368242624278674     
      3      1      1      2           2           0  0.94143458635193178     
      3      1      1      3           4           0   4.1251146958929459     
      3      1      1      3           2           0 -0.66564249729963598     
      3      1      2      1           6           0 -0.99791443192847640     
      3      1      2      1           4           0  -1.3200526097319443     
      3      1      2      2           6           0 -0.75781490835457155     
      3      1      2      2           4           0   1.1276173974977299     
      3      1      2      3           4           0   4.4674212056690203     
      3      1      3      1           2           0 -0.91303638703118972     
      3      1      3      1           0           0  -3.6583974214745019     
      3      1      3      2           2           0  0.97264820295482424     
      3      1      3      3           2           0  -1.0918257599892025     
      3      2      1      1           4           0 -0.51672707488021885     
      3      2      1      1           2           0  -7.7284765467013072E-003
      3      2      1      2           4           0  -1.3681349240435279     
      3      2      1      2           2           0  0.13158166471116028     
      3      2      1      3           4           0  -4.4674212056690212     
      3      2      2      1           6           0  0.43244446197825737     
      3      2      2      1           4           0  -2.3010789361188992     
      3      2      2      2           6           0 -0.13338035390658032     
      3      2      2      2           4           0  -2.6236012791905443     
      3      2      2      3           6           0  0.37189055243092944     
      3      2      2      3           4           0  -6.2629578904806120     
      3      2      3      1           2           0 -0.97264820295482424     
      3      2      3      2           2           0   1.8551532240352082     
      3      2      3      2           0           0  -4.3026478885225456     
      3      3      1      1           4           0 -0.93921484174821990     
      3      3      1      1           2           0 -0.39339535537149672     
      3      3      1      2           4           0  -2.4000945573750840     
      3      3      1      3           2           0   1.0918257599892025     
      3      3      2      1           4           0  -2.4000945573750840     
      3      3      2      2           6           0 -0.57565852833202813     
      3      3      2      2           4           0  -1.6607190489910100     
      3      3      3      1           2           0   1.0918257599892025     
      3      3      3      3           2           0   1.6932632617841794     
      3      3      3      3           0           0  -6.2101720000000009     
         336          10
   1   1   4   4   0   0   0   0 -6.8119   1   1
   1   1   4   4   2   0   0   0  2.8581   1   1
   1   1   4   4   4   0   0   0 -3.6583   1   1
   1   1   4   4   6   0   0   0  1.0134   1   1
   1   1   4   5   2   0   0   0 -1.5521   1   1
   1   1   4   5   4   0   0   0  1.8899   1   1
   1   1   4   5   6   0   0   0 -1.1766   1   1
   1   1   4   6   2   0   0   0  0.0404   1   1
   1   1   4   6   4   0   0   0  1.1404   1   1
   1   1   5   4   2   0   0   0  1.5521   1   1
   1   1   5   4   4   0   0   0 -1.8899   1   1
   1   1   5   4   6   0   0   0  1.1766   1   1
   1   1   5   5   0   0   0   0 -9.4518   1   1
   1   1   5   5   2   0   0   0  1.4528   1   1
   1   1   5   5   4   0   0   0 -4.9618   1   1
   1   1   5   5   6   0   0   0  2.1147   1   1
   1   1   5   6   4   0   0   0 -1.3201   1   1
   1   1   5   6   6   0   0   0 -0.9979   1   1
   1   1   6   4   2   0   0   0 -0.0404   1   1
   1   1   6   4   4   0   0   0 -1.1404   1   1
   1   1   6   5   4   0   0   0 -1.3201   1   1
   1   1   6   5   6   0   0   0 -0.9979   1   1
   1   1   6   6   0   0   0   0 -3.6584   1   1
   1   1   6   6   2   0   0   0 -0.9130   1   1
   1   2   4   4   2   0   0   0 -1.5521   1   1
   1   2   4   4   4   0   0   0  1.8899   1   1
   1   2   4   4   6   0   0   0 -1.1766   1   1
   1   2   4   5   2   0   0   0  0.3283   1   1
   1   2   4   5   4   0   0   0 -2.1301   1   1
   1   2   4   5   6   0   0   0  1.7256   1   1
   1   2   4   5   8   0   0   0 -5.0325   1   1
   1   2   4   6   2   0   0   0 -0.0077   1   1
   1   2   4   6   4   0   0   0 -0.5167   1   1
   1   2   5   4   2   0   0   0 -3.4038   1   1
   1   2   5   4   4   0   0   0  2.4785   1   1
   1   2   5   4   6   0   0   0 -2.4399   1   1
   1   2   5   4   8   0   0   0  7.3915   1   1
   1   2   5   5   2   0   0   0  1.4112   1   1
   1   2   5   5   4   0   0   0  4.2580   1   1
   1   2   5   5   6   0   0   0 -1.4061   1   1
   1   2   5   5   8   0   0   0  4.5064   1   1
   1   2   5   6   4   0   0   0  2.3011   1   1
   1   2   5   6   6   0   0   0 -0.4324   1   1
   1   2   6   4   2   0   0   0  0.9414   1   1
   1   2   6   4   4   0   0   0  0.9337   1   1
   1   2   6   5   4   0   0   0  1.1276   1   1
   1   2   6   5   6   0   0   0 -0.7578   1   1
   1   2   6   6   2   0   0   0  0.9726   1   1
   1   3   4   4   2   0   0   0  0.0404   1   1
   1   3   4   4   4   0   0   0  1.1404   1   1
   1   3   4   5   2   0   0   0 -0.0077   1   1
   1   3   4   5   4   0   0   0 -0.5167   1   1
   1   3   4   6   2   0   0   0 -0.3934   1   1
   1   3   4   6   4   0   0   0 -0.9392   1   1
   1   3   5   4   2   0   0   0  0.9414   1   1
   1   3   5   4   4   0   0   0  0.9337   1   1
   1   3   5   5   2   0   0   0 -0.1316   1   1
   1   3   5   5   4   0   0   0  1.3681   1   1
   1   3   5   6   4   0   0   0  2.4001   1   1
   1   3   6   4   2   0   0   0 -0.6656   1   1
   1   3   6   4   4   0   0   0  4.1251   1   1
   1   3   6   5   4   0   0   0  4.4674   1   1
   1   3   6   6   2   0   0   0 -1.0918   1   1
   2   1   4   4   2   0   0   0  1.5521   1   1
   2   1   4   4   4   0   0   0 -1.8899   1   1
   2   1   4   4   6   0   0   0  1.1766   1   1
   2   1   4   5   2   0   0   0 -3.4038   1   1
   2   1   4   5   4   0   0   0  2.4785   1   1
   2   1   4   5   6   0   0   0 -2.4399   1   1
   2   1   4   5   8   0   0   0  7.3915   1   1
   2   1   4   6   2   0   0   0  0.9414   1   1
   2   1   4   6   4   0   0   0  0.9337   1   1
   2   1   5   4   2   0   0   0  0.3283   1   1
   2   1   5   4   4   0   0   0 -2.1301   1   1
   2   1   5   4   6   0   0   0  1.7256   1   1
   2   1   5   4   8   0   0   0 -5.0325   1   1
   2   1   5   5   2   0   0   0 -1.4112   1   1
   2   1   5   5   4   0   0   0 -4.2580   1   1
   2   1   5   5   6   0   0   0  1.4061   1   1
   2   1   5   5   8   0   0   0 -4.5064   1   1
   2   1   5   6   4   0   0   0 -1.1276   1   1
   2   1   5   6   6   0   0   0  0.7578   1   1
   2   1   6   4   2   0   0   0 -0.0077   1   1
   2   1   6   4   4   0   0   0 -0.5167   1   1
   2   1   6   5   4   0   0   0 -2.3011   1   1
   2   1   6   5   6   0   0   0  0.4324   1   1
   2   1   6   6   2   0   0   0 -0.9726   1   1
   2   2   4   4   0   0   0   0 -9.4518   1   1
   2   2   4   4   2   0   0   0  1.4528   1   1
   2   2   4   4   4   0   0   0 -4.9618   1   1
   2   2   4   4   6   0   0   0  2.1147   1   1
   2   2   4   5   2   0   0   0  1.4112   1   1
   2   2   4   5   4   0   0   0  4.2580   1   1
   2   2   4   5   6   0   0   0 -1.4061   1   1
   2   2   4   5   8   0   0   0  4.5064   1   1
   2   2   4   6   2   0   0   0 -0.1316   1   1
   2   2   4   6   4   0   0   0  1.3681   1   1
   2   2   5   4   2   0   0   0 -1.4112   1   1
   2   2   5   4   4   0   0   0 -4.2580   1   1
   2   2   5   4   6   0   0   0  1.4061   1   1
   2   2   5   4   8   0   0   0 -4.5064   1   1
   2   2   5   5   0   0   0   0-11.7470   1   1
   2   2   5   5   2   0   0   0  5.8836   1   1
   2   2   5   5   4   0   0   0 -6.1360   1   1
   2   2   5   5   6   0   0   0  3.1669   1   1
   2   2   5   5   8   0   0   0 -2.6939   1   1
   2   2   5   5  10   0   0   0  0.0298   1   1
   2   2   5   6   4   0   0   0 -2.6236   1   1
   2   2   5   6   6   0   0   0 -0.1334   1   1
   2   2   6   4   2   0   0   0  0.1316   1   1
   2   2   6   4   4   0   0   0 -1.3681   1   1
   2   2   6   5   4   0   0   0 -2.6236   1   1
   2   2   6   5   6   0   0   0 -0.1334   1   1
   2   2   6   6   0   0   0   0 -4.3026   1   1
   2   2   6   6   2   0   0   0  1.8552   1   1
   2   3   4   4   4   0   0   0 -1.3201   1   1
   2   3   4   4   6   0   0   0 -0.9979   1   1
   2   3   4   5   4   0   0   0  2.3011   1   1
   2   3   4   5   6   0   0   0 -0.4324   1   1
   2   3   4   6   4   0   0   0  2.4001   1   1
   2   3   5   4   4   0   0   0 -1.1276   1   1
   2   3   5   4   6   0   0   0  0.7578   1   1
   2   3   5   5   4   0   0   0 -2.6236   1   1
   2   3   5   5   6   0   0   0 -0.1334   1   1
   2   3   5   6   4   0   0   0 -1.6607   1   1
   2   3   5   6   6   0   0   0 -0.5757   1   1
   2   3   6   4   4   0   0   0 -4.4674   1   1
   2   3   6   5   4   0   0   0 -6.2630   1   1
   2   3   6   5   6   0   0   0  0.3719   1   1
   3   1   4   4   2   0   0   0 -0.0404   1   1
   3   1   4   4   4   0   0   0 -1.1404   1   1
   3   1   4   5   2   0   0   0  0.9414   1   1
   3   1   4   5   4   0   0   0  0.9337   1   1
   3   1   4   6   2   0   0   0 -0.6656   1   1
   3   1   4   6   4   0   0   0  4.1251   1   1
   3   1   5   4   2   0   0   0 -0.0077   1   1
   3   1   5   4   4   0   0   0 -0.5167   1   1
   3   1   5   5   2   0   0   0  0.1316   1   1
   3   1   5   5   4   0   0   0 -1.3681   1   1
   3   1   5   6   4   0   0   0 -4.4674   1   1
   3   1   6   4   2   0   0   0 -0.3934   1   1
   3   1   6   4   4   0   0   0 -0.9392   1   1
   3   1   6   5   4   0   0   0 -2.4001   1   1
   3   1   6   6   2   0   0   0  1.0918   1   1
   3   2   4   4   4   0   0   0 -1.3201   1   1
   3   2   4   4   6   0   0   0 -0.9979   1   1
   3   2   4   5   4   0   0   0  1.1276   1   1
   3   2   4   5   6   0   0   0 -0.7578   1   1
   3   2   4   6   4   0   0   0  4.4674   1   1
   3   2   5   4   4   0   0   0 -2.3011   1   1
   3   2   5   4   6   0   0   0  0.4324   1   1
   3   2   5   5   4   0   0   0 -2.6236   1   1
   3   2   5   5   6   0   0   0 -0.1334   1   1
   3   2   5   6   4   0   0   0 -6.2630   1   1
   3   2   5   6   6   0   0   0  0.3719   1   1
   3   2   6   4   4   0   0   0 -2.4001   1   1
   3   2   6   5   4   0   0   0 -1.6607   1   1
   3   2   6   5   6   0   0   0 -0.5757   1   1
   3   3   4   4   0   0   0   0 -3.6584   1   1
   3   3   4   4   2   0   0   0 -0.9130   1   1
   3   3   4   5   2   0   0   0  0.9726   1   1
   3   3   4   6   2   0   0   0 -1.0918   1   1
   3   3   5   4   2   0   0   0 -0.9726   1   1
   3   3   5   5   0   0   0   0 -4.3026   1   1
   3   3   5   5   2   0   0   0  1.8552   1   1
   3   3   6   4   2   0   0   0  1.0918   1   1
   3   3   6   6   0   0   0   0 -6.2102   1   1
   3   3   6   6   2   0   0   0  1.6933   1   1
   4   4   1   1   0   0   0   0 -6.8119   1   1
   4   4   1   1   2   0   0   0  2.8581   1   1
   4   4   1   1   4   0   0   0 -3.6583   1   1
   4   4   1   1   6   0   0   0  1.0134   1   1
   4   4   1   2   2   0   0   0 -1.5521   1   1
   4   4   1   2   4   0   0   0  1.8899   1   1
   4   4   1   2   6   0   0   0 -1.1766   1   1
   4   4   1   3   2   0   0   0  0.0404   1   1
   4   4   1   3   4   0   0   0  1.1404   1   1
   4   4   2   1   2   0   0   0  1.5521   1   1
   4   4   2   1   4   0   0   0 -1.8899   1   1
   4   4   2   1   6   0   0   0  1.1766   1   1
   4   4   2   2   0   0   0   0 -9.4518   1   1
   4   4   2   2   2   0   0   0  1.4528   1   1
   4   4   2   2   4   0   0   0 -4.9618   1   1
   4   4   2   2   6   0   0   0  2.1147   1   1
   4   4   2   3   4   0   0   0 -1.3201   1   1
   4   4   2   3   6   0   0   0 -0.9979   1   1
   4   4   3   1   2   0   0   0 -0.0404   1   1
   4   4   3   1   4   0   0   0 -1.1404   1   1
   4   4   3   2   4   0   0   0 -1.3201   1   1
   4   4   3   2   6   0   0   0 -0.9979   1   1
   4   4   3   3   0   0   0   0 -3.6584   1   1
   4   4   3   3   2   0   0   0 -0.9130   1   1
   4   5   1   1   2   0   0   0 -1.5521   1   1
   4   5   1   1   4   0   0   0  1.8899   1   1
   4   5   1   1   6   0   0   0 -1.1766   1   1
   4   5   1   2   2   0   0   0  0.3283   1   1
   4   5   1   2   4   0   0   0 -2.1301   1   1
   4   5   1   2   6   0   0   0  1.7256   1   1
   4   5   1   2   8   0   0   0 -5.0325   1   1
   4   5   1   3   2   0   0   0 -0.0077   1   1
   4   5   1   3   4   0   0   0 -0.5167   1   1
   4   5   2   1   2   0   0   0 -3.4038   1   1
   4   5   2   1   4   0   0   0  2.4785   1   1
   4   5   2   1   6   0   0   0 -2.4399   1   1
   4   5   2   1   8   0   0   0  7.3915   1   1
   4   5   2   2   2   0   0   0  1.4112   1   1
   4   5   2   2   4   0   0   0  4.2580   1   1
   4   5   2   2   6   0   0   0 -1.4061   1   1
   4   5   2   2   8   0   0   0  4.5064   1   1
   4   5   2   3   4   0   0   0  2.3011   1   1
   4   5   2   3   6   0   0   0 -0.4324   1   1
   4   5   3   1   2   0   0   0  0.9414   1   1
   4   5   3   1   4   0   0   0  0.9337   1   1
   4   5   3   2   4   0   0   0  1.1276   1   1
   4   5   3   2   6   0   0   0 -0.7578   1   1
   4   5   3   3   2   0   0   0  0.9726   1   1
   4   6   1   1   2   0   0   0  0.0404   1   1
   4   6   1   1   4   0   0   0  1.1404   1   1
   4   6   1   2   2   0   0   0 -0.0077   1   1
   4   6   1   2   4   0   0   0 -0.5167   1   1
   4   6   1   3   2   0   0   0 -0.3934   1   1
   4   6   1   3   4   0   0   0 -0.9392   1   1
   4   6   2   1   2   0   0   0  0.9414   1   1
   4   6   2   1   4   0   0   0  0.9337   1   1
   4   6   2   2   2   0   0   0 -0.1316   1   1
   4   6   2   2   4   0   0   0  1.3681   1   1
   4   6   2   3   4   0   0   0  2.4001   1   1
   4   6   3   1   2   0   0   0 -0.6656   1   1
   4   6   3   1   4   0   0   0  4.1251   1   1
   4   6   3   2   4   0   0   0  4.4674   1   1
   4   6   3   3   2   0   0   0 -1.0918   1   1
   5   4   1   1   2   0   0   0  1.5521   1   1
   5   4   1   1   4   0   0   0 -1.8899   1   1
   5   4   1   1   6   0   0   0  1.1766   1   1
   5   4   1   2   2   0   0   0 -3.4038   1   1
   5   4   1   2   4   0   0   0  2.4785   1   1
   5   4   1   2   6   0   0   0 -2.4399   1   1
   5   4   1   2   8   0   0   0  7.3915   1   1
   5   4   1   3   2   0   0   0  0.9414   1   1
   5   4   1   3   4   0   0   0  0.9337   1   1
   5   4   2   1   2   0   0   0  0.3283   1   1
   5   4   2   1   4   0   0   0 -2.1301   1   1
   5   4   2   1   6   0   0   0  1.7256   1   1
   5   4   2   1   8   0   0   0 -5.0325   1   1
   5   4   2   2   2   0   0   0 -1.4112   1   1
   5   4   2   2   4   0   0   0 -4.2580   1   1
   5   4   2   2   6   0   0   0  1.4061   1   1
   5   4   2   2   8   0   0   0 -4.5064   1   1
   5   4   2   3   4   0   0   0 -1.1276   1   1
   5   4   2   3   6   0   0   0  0.7578   1   1
   5   4   3   1   2   0   0   0 -0.0077   1   1
   5   4   3   1   4   0   0   0 -0.5167   1   1
   5   4   3   2   4   0   0   0 -2.3011   1   1
   5   4   3   2   6   0   0   0  0.4324   1   1
   5   4   3   3   2   0   0   0 -0.9726   1   1
   5   5   1   1   0   0   0   0 -9.4518   1   1
   5   5   1   1   2   0   0   0  1.4528   1   1
   5   5   1   1   4   0   0   0 -4.9618   1   1
   5   5   1   1   6   0   0   0  2.1147   1   1
   5   5   1   2   2   0   0   0  1.4112   1   1
   5   5   1   2   4   0   0   0  4.2580   1   1
   5   5   1   2   6   0   0   0 -1.4061   1   1
   5   5   1   2   8   0   0   0  4.5064   1   1
   5   5   1   3   2   0   0   0 -0.1316   1   1
   5   5   1   3   4   0   0   0  1.3681   1   1
   5   5   2   1   2   0   0   0 -1.4112   1   1
   5   5   2   1   4   0   0   0 -4.2580   1   1
   5   5   2   1   6   0   0   0  1.4061   1   1
   5   5   2   1   8   0   0   0 -4.5064   1   1
   5   5   2   2   0   0   0   0-11.7470   1   1
   5   5   2   2   2   0   0   0  5.8836   1   1
   5   5   2   2   4   0   0   0 -6.1360   1   1
   5   5   2   2   6   0   0   0  3.1669   1   1
   5   5   2   2   8   0   0   0 -2.6939   1   1
   5   5   2   2  10   0   0   0  0.0298   1   1
   5   5   2   3   4   0   0   0 -2.6236   1   1
   5   5   2   3   6   0   0   0 -0.1334   1   1
   5   5   3   1   2   0   0   0  0.1316   1   1
   5   5   3   1   4   0   0   0 -1.3681   1   1
   5   5   3   2   4   0   0   0 -2.6236   1   1
   5   5   3   2   6   0   0   0 -0.1334   1   1
   5   5   3   3   0   0   0   0 -4.3026   1   1
   5   5   3   3   2   0   0   0  1.8552   1   1
   5   6   1   1   4   0   0   0 -1.3201   1   1
   5   6   1   1   6   0   0   0 -0.9979   1   1
   5   6   1   2   4   0   0   0  2.3011   1   1
   5   6   1   2   6   0   0   0 -0.4324   1   1
   5   6   1   3   4   0   0   0  2.4001   1   1
   5   6   2   1   4   0   0   0 -1.1276   1   1
   5   6   2   1   6   0   0   0  0.7578   1   1
   5   6   2   2   4   0   0   0 -2.6236   1   1
   5   6   2   2   6   0   0   0 -0.1334   1   1
   5   6   2   3   4   0   0   0 -1.6607   1   1
   5   6   2   3   6   0   0   0 -0.5757   1   1
   5   6   3   1   4   0   0   0 -4.4674   1   1
   5   6   3   2   4   0   0   0 -6.2630   1   1
   5   6   3   2   6   0   0   0  0.3719   1   1
   6   4   1   1   2   0   0   0 -0.0404   1   1
   6   4   1   1   4   0   0   0 -1.1404   1   1
   6   4   1   2   2   0   0   0  0.9414   1   1
   6   4   1   2   4   0   0   0  0.9337   1   1
   6   4   1   3   2   0   0   0 -0.6656   1   1
   6   4   1   3   4   0   0   0  4.1251   1   1
   6   4   2   1   2   0   0   0 -0.0077   1   1
   6   4   2   1   4   0   0   0 -0.5167   1   1
   6   4   2   2   2   0   0   0  0.1316   1   1
   6   4   2   2   4   0   0   0 -1.3681   1   1
   6   4   2   3   4   0   0   0 -4.4674   1   1
   6   4   3   1   2   0   0   0 -0.3934   1   1
   6   4   3   1   4   0   0   0 -0.9392   1   1
   6   4   3   2   4   0   0   0 -2.4001   1   1
   6   4   3   3   2   0   0   0  1.0918   1   1
   6   5   1   1   4   0   0   0 -1.3201   1   1
   6   5   1   1   6   0   0   0 -0.9979   1   1
   6   5   1   2   4   0   0   0  1.1276   1   1
   6   5   1   2   6   0   0   0 -0.7578   1   1
   6   5   1   3   4   0   0   0  4.4674   1   1
   6   5   2   1   4   0   0   0 -2.3011   1   1
   6   5   2   1   6   0   0   0  0.4324   1   1
   6   5   2   2   4   0   0   0 -2.6236   1   1
   6   5   2   2   6   0   0   0 -0.1334   1   1
   6   5   2   3   4   0   0   0 -6.2630   1   1
   6   5   2   3   6   0   0   0  0.3719   1   1
   6   5   3   1   4   0   0   0 -2.4001   1   1
   6   5   3   2   4   0   0   0 -1.6607   1   1
   6   5   3   2   6   0   0   0 -0.5757   1   1
   6   6   1   1   0   0   0   0 -3.6584   1   1
   6   6   1   1   2   0   0   0 -0.9130   1   1
   6   6   1   2   2   0   0   0  0.9726   1   1
   6   6   1   3   2   0   0   0 -1.0918   1   1
   6   6   2   1   2   0   0   0 -0.9726   1   1
   6   6   2   2   0   0   0   0 -4.3026   1   1
   6   6   2   2   2   0   0   0  1.8552   1   1
   6   6   3   1   2   0   0   0  1.0918   1   1
   6   6   3   3   0   0   0   0 -6.2102   1   1
   6   6   3   3   2   0   0   0  1.6933   1   1
