 ! Total Interaction
  63
   1   1   1   1     1     0  -1.4927
   1   1   1   2     1     0  -0.0136
   1   2   1   2     1     0  -6.5106
   1   1   2   2     1     0   1.9658
   1   2   2   2     1     0  -3.0520
   2   2   2   2     1     0  -1.4277
   1   3   2   2     1     0   0.3967
   1   1   1   3     1     0  -1.0014
   1   2   1   3     1     0  -1.5511
   1   3   1   3     1     0  -3.8051
   1   1   3   3     1     0   0.0949
   1   2   3   3     1     0  -1.9021
   2   2   3   3     1     0  -0.8900
   1   3   3   3     1     0  -0.6655
   3   3   3   3     1     0  -3.8693
   1   2   1   2     2     0  -4.5452
   1   2   1   3     2     0  -1.2803
   1   3   1   3     2     0  -1.7530
   1   2   2   3     2     0  -1.0254
   1   3   2   3     2     0  -2.5947
   2   3   2   3     2     0  -0.4874
   1   1   1   1     3     0  -2.9800
   1   1   1   2     3     0  -1.8985
   1   2   1   2     3     0  -1.2963
   1   1   2   2     3     0   0.9812
   1   2   2   2     3     0  -2.2427
   2   2   2   2     3     0  -1.4018
   1   1   2   3     3     0   0.4599
   1   2   2   3     3     0  -0.8962
   2   2   2   3     3     0  -1.7954
   2   3   2   3     3     0  -3.9337
   1   2   1   2     4     0  -4.4652
   2   2   2   2     5     0  -4.3811
   1   1   1   1     0     1  -1.5050
   1   1   2   2     0     1  -3.5693
   2   2   2   2     0     1  -2.4796
   1   1   3   3     0     1  -0.9834
   2   2   3   3     0     1  -1.1572
   3   3   3   3     0     1  -1.8461
   1   2   1   2     1     1   0.2510
   1   2   1   3     1     1   0.0736
   1   3   1   3     1     1   0.3105
   1   1   1   1     2     1  -0.1570
   1   1   1   2     2     1   0.5208
   1   2   1   2     2     1   0.2248
   1   1   2   2     2     1  -1.1335
   1   2   2   2     2     1   0.3092
   2   2   2   2     2     1  -0.9899
   1   3   2   2     2     1   0.8901
   1   1   1   3     2     1   0.1368
   1   2   1   3     2     1  -0.2811
   1   3   1   3     2     1  -0.2533
   1   1   2   3     2     1  -0.5542
   1   2   2   3     2     1  -0.1022
   2   2   2   3     2     1  -0.7746
   1   3   2   3     2     1   1.7072
   2   3   2   3     2     1  -0.9039
   1   2   1   2     3     1   0.4777
   1   2   2   3     3     1  -0.4507
   2   3   2   3     3     1   0.6470
   1   2   1   2     4     1  -1.2509
   1   2   2   2     4     1   1.3155
   2   2   2   2     4     1  -0.2136
