 ! Total Interaction
  63
   1   1   1   1     1     0  -1.5026
   1   1   1   2     1     0  -0.1742
   1   2   1   2     1     0  -5.4459
   1   1   2   2     1     0   1.5085
   1   2   2   2     1     0  -3.1703
   2   2   2   2     1     0  -1.2501
   1   3   2   2     1     0   0.0246
   1   1   1   3     1     0  -0.7696
   1   2   1   3     1     0  -1.4708
   1   3   1   3     1     0  -3.6663
   1   1   3   3     1     0   0.1426
   1   2   3   3     1     0  -1.8328
   2   2   3   3     1     0  -0.4842
   1   3   3   3     1     0  -0.8337
   3   3   3   3     1     0  -3.3612
   1   2   1   2     2     0  -3.8164
   1   2   1   3     2     0  -0.4013
   1   3   1   3     2     0  -1.6767
   1   2   2   3     2     0  -0.5857
   1   3   2   3     2     0  -2.2753
   2   3   2   3     2     0  -0.2858
   1   1   1   1     3     0  -2.6876
   1   1   1   2     3     0  -1.2958
   1   2   1   2     3     0  -1.0986
   1   1   2   2     3     0   1.0685
   1   2   2   2     3     0  -2.0934
   2   2   2   2     3     0  -1.5088
   1   1   2   3     3     0   0.0877
   1   2   2   3     3     0  -1.1350
   2   2   2   3     3     0  -1.1025
   2   3   2   3     3     0  -3.7898
   1   2   1   2     4     0  -4.1854
   2   2   2   2     5     0  -3.9150
   1   1   1   1     0     1  -1.7210
   1   1   2   2     0     1  -2.8113
   2   2   2   2     0     1  -2.3196
   1   1   3   3     0     1  -0.9197
   2   2   3   3     0     1  -1.4138
   3   3   3   3     0     1  -1.5326
   1   2   1   2     1     1   0.5941
   1   2   1   3     1     1  -0.0413
   1   3   1   3     1     1   0.4674
   1   1   1   1     2     1  -0.0883
   1   1   1   2     2     1   0.4560
   1   2   1   2     2     1  -0.1400
   1   1   2   2     2     1  -1.1043
   1   2   2   2     2     1   0.1936
   2   2   2   2     2     1  -0.9068
   1   3   2   2     2     1   0.8034
   1   1   1   3     2     1   0.3166
   1   2   1   3     2     1  -0.3365
   1   3   1   3     2     1  -0.2749
   1   1   2   3     2     1  -0.2875
   1   2   2   3     2     1   0.2852
   2   2   2   3     2     1  -0.8443
   1   3   2   3     2     1   1.4617
   2   3   2   3     2     1  -0.8522
   1   2   1   2     3     1   0.6953
   1   2   2   3     3     1  -0.5006
   2   3   2   3     3     1   0.6199
   1   2   1   2     4     1  -1.3091
   1   2   2   2     4     1   1.2096
   2   2   2   2     4     1  -0.1875
