      1      1      1      1           6           0  0.91612300818428194     
      1      1      1      1           4           0  -3.3070498412433422     
      1      1      1      1           2           0   2.5837191556068357     
      1      1      1      1           0           0  -6.1579022500000011     
      1      1      1      2           6           0  -1.0636525145449587     
      1      1      1      2           4           0   1.7084072762730647     
      1      1      1      2           2           0  -1.4030542296481043     
      1      1      1      3           4           0   1.0309241052395977     
      1      1      1      3           2           0   3.6481657472427487E-002
      1      1      2      1           6           0  -1.0636525145449587     
      1      1      2      1           4           0   1.7084072762730647     
      1      1      2      1           2           0  -1.4030542296481043     
      1      1      2      2           8           0  -4.5492670734889176     
      1      1      2      2           6           0   1.5599551200632460     
      1      1      2      2           4           0  -1.9256196574972391     
      1      1      2      2           2           0  0.29682025783677224     
      1      1      2      3           4           0 -0.46711311648180093     
      1      1      2      3           2           0  -6.9861629067416442E-003
      1      1      3      1           4           0   1.0309241052395977     
      1      1      3      1           2           0   3.6481657472427487E-002
      1      1      3      2           4           0 -0.46711311648180093     
      1      1      3      2           2           0  -6.9861629067416442E-003
      1      1      3      3           4           0 -0.84903644954574353     
      1      1      3      3           2           0 -0.35562467877209875     
      1      2      1      1           6           0   1.0636525145449585     
      1      2      1      1           4           0  -1.7084072762730649     
      1      2      1      1           2           0   1.4030542296481048     
      1      2      1      2           6           0   1.9116947816855969     
      1      2      1      2           4           0  -4.4853906957067169     
      1      2      1      2           2           0   1.3132767836384682     
      1      2      1      2           0           0  -8.5442641928436043     
      1      2      1      3           6           0 -0.90210056883316270     
      1      2      1      3           4           0  -1.1933081729033304     
      1      2      2      1           8           0   6.6817896696428569     
      1      2      2      1           6           0  -2.2056244306720507     
      1      2      2      1           4           0   2.2405520258407403     
      1      2      2      1           2           0  -3.0769464739203771     
      1      2      2      2           8           0   4.0737393882216226     
      1      2      2      2           6           0  -1.2710826720557860     
      1      2      2      2           4           0   3.8491406175016278     
      1      2      2      2           2           0   1.2756726368041902     
      1      2      2      3           6           0 -0.39092412613088112     
      1      2      2      3           4           0   2.0801408135050758     
      1      2      3      1           4           0  0.84403538503914355     
      1      2      3      1           2           0  0.85104354127731052     
      1      2      3      2           4           0   1.2367746283643106     
      1      2      3      2           2           0 -0.11894800051312837     
      1      2      3      3           4           0   2.1696502366086574     
      1      3      1      1           4           0  -1.0309241052395974     
      1      3      1      1           2           0  -3.6481657472427320E-002
      1      3      1      2           6           0 -0.90210056883316248     
      1      3      1      2           4           0  -1.1933081729033308     
      1      3      1      3           2           0 -0.82537065308969959     
      1      3      1      3           0           0  -3.3071385923861785     
      1      3      2      1           4           0  0.84403538503914333     
      1      3      2      1           2           0  0.85104354127731030     
      1      3      2      2           6           0 -0.68505505272898226     
      1      3      2      2           4           0   1.0193503610861641     
      1      3      2      3           2           0  0.87925994190853451     
      1      3      3      1           4           0   3.7290438881573680     
      1      3      3      1           2           0 -0.60173112153845076     
      1      3      3      2           4           0   4.0384841117831574     
      1      3      3      3           2           0 -0.98699494746731109     
      2      1      1      1           6           0   1.0636525145449585     
      2      1      1      1           4           0  -1.7084072762730647     
      2      1      1      1           2           0   1.4030542296481048     
      2      1      1      2           8           0   6.6817896696428569     
      2      1      1      2           6           0  -2.2056244306720503     
      2      1      1      2           4           0   2.2405520258407403     
      2      1      1      2           2           0  -3.0769464739203767     
      2      1      1      3           4           0  0.84403538503914366     
      2      1      1      3           2           0  0.85104354127731063     
      2      1      2      1           6           0   1.9116947816855969     
      2      1      2      1           4           0  -4.4853906957067169     
      2      1      2      1           2           0   1.3132767836384696     
      2      1      2      1           0           0  -8.5442641928436025     
      2      1      2      2           8           0   4.0737393882216226     
      2      1      2      2           6           0  -1.2710826720557860     
      2      1      2      2           4           0   3.8491406175016278     
      2      1      2      2           2           0   1.2756726368041902     
      2      1      2      3           4           0   1.2367746283643108     
      2      1      2      3           2           0 -0.11894800051312837     
      2      1      3      1           6           0 -0.90210056883316270     
      2      1      3      1           4           0  -1.1933081729033304     
      2      1      3      2           6           0 -0.39092412613088112     
      2      1      3      2           4           0   2.0801408135050758     
      2      1      3      3           4           0   2.1696502366086574     
      2      2      1      1           8           0  -4.5492670734889167     
      2      2      1      1           6           0   1.5599551200632462     
      2      2      1      1           4           0  -1.9256196574972397     
      2      2      1      1           2           0  0.29682025783677202     
      2      2      1      2           8           0  -4.0737393882216217     
      2      2      1      2           6           0   1.2710826720557855     
      2      2      1      2           4           0  -3.8491406175016287     
      2      2      1      2           2           0  -1.2756726368041893     
      2      2      1      3           6           0  0.68505505272898193     
      2      2      1      3           4           0  -1.0193503610861636     
      2      2      2      1           8           0  -4.0737393882216217     
      2      2      2      1           6           0   1.2710826720557857     
      2      2      2      1           4           0  -3.8491406175016287     
      2      2      2      1           2           0  -1.2756726368041886     
      2      2      2      2          10           0   2.6937192227353694E-002
      2      2      2      2           8           0  -2.4352473928571432     
      2      2      2      2           6           0   2.8628361069527686     
      2      2      2      2           4           0  -5.5469015013116882     
      2      2      2      2           2           0   5.3187083293897608     
      2      2      2      2           0           0  -10.619119000000000     
      2      2      2      3           6           0 -0.12057426908481528     
      2      2      2      3           4           0  -2.3716979771081022     
      2      2      3      1           6           0  0.68505505272898193     
      2      2      3      1           4           0  -1.0193503610861636     
      2      2      3      2           6           0 -0.12057426908481528     
      2      2      3      2           4           0  -2.3716979771081022     
      2      2      3      3           6           0 -0.52038720022514307     
      2      2      3      3           4           0  -1.5012654960098955     
      2      3      1      1           4           0 -0.46711311648180098     
      2      3      1      1           2           0  -6.9861629067416442E-003
      2      3      1      2           6           0  0.39092412613088101     
      2      3      1      2           4           0  -2.0801408135050758     
      2      3      1      3           2           0 -0.87925994190853451     
      2      3      2      1           4           0  -1.2367746283643113     
      2      3      2      1           2           0  0.11894800051312815     
      2      3      2      2           6           0 -0.12057426908481594     
      2      3      2      2           4           0  -2.3716979771081022     
      2      3      2      3           2           0   1.6770321866956601     
      2      3      2      3           0           0  -3.8895315429320041     
      2      3      3      1           4           0  -4.0384841117831574     
      2      3      3      2           6           0  0.33618349273680170     
      2      3      3      2           4           0  -5.6616233096314810     
      3      1      1      1           4           0  -1.0309241052395974     
      3      1      1      1           2           0  -3.6481657472427320E-002
      3      1      1      2           4           0  0.84403538503914333     
      3      1      1      2           2           0  0.85104354127731030     
      3      1      1      3           4           0   3.7290438881573680     
      3      1      1      3           2           0 -0.60173112153845076     
      3      1      2      1           6           0 -0.90210056883316248     
      3      1      2      1           4           0  -1.1933081729033308     
      3      1      2      2           6           0 -0.68505505272898226     
      3      1      2      2           4           0   1.0193503610861641     
      3      1      2      3           4           0   4.0384841117831574     
      3      1      3      1           2           0 -0.82537065308969959     
      3      1      3      1           0           0  -3.3071385923861785     
      3      1      3      2           2           0  0.87925994190853451     
      3      1      3      3           2           0 -0.98699494746731109     
      3      2      1      1           4           0 -0.46711311648180098     
      3      2      1      1           2           0  -6.9861629067416442E-003
      3      2      1      2           4           0  -1.2367746283643113     
      3      2      1      2           2           0  0.11894800051312815     
      3      2      1      3           4           0  -4.0384841117831574     
      3      2      2      1           6           0  0.39092412613088101     
      3      2      2      1           4           0  -2.0801408135050758     
      3      2      2      2           6           0 -0.12057426908481594     
      3      2      2      2           4           0  -2.3716979771081030     
      3      2      2      3           6           0  0.33618349273680170     
      3      2      2      3           4           0  -5.6616233096314810     
      3      2      3      1           2           0 -0.87925994190853451     
      3      2      3      2           2           0   1.6770321866956608     
      3      2      3      2           0           0  -3.8895315429320036     
      3      3      1      1           4           0 -0.84903644954574342     
      3      3      1      1           2           0 -0.35562467877209869     
      3      3      1      2           4           0  -2.1696502366086565     
      3      3      1      3           2           0  0.98699494746731109     
      3      3      2      1           4           0  -2.1696502366086565     
      3      3      2      2           6           0 -0.52038720022514307     
      3      3      2      2           4           0  -1.5012654960098950     
      3      3      3      1           2           0  0.98699494746731109     
      3      3      3      3           2           0   1.5306860447825348     
      3      3      3      3           0           0  -5.6139060000000018     
      1      1      1      1           6           0  0.91612300818428194     
      1      1      1      1           4           0  -3.3070498412433422     
      1      1      1      1           2           0   2.5837191556068357     
      1      1      1      1           0           0  -6.1579022500000011     
      1      1      1      2           6           0  -1.0636525145449587     
      1      1      1      2           4           0   1.7084072762730647     
      1      1      1      2           2           0  -1.4030542296481043     
      1      1      1      3           4           0   1.0309241052395977     
      1      1      1      3           2           0   3.6481657472427487E-002
      1      1      2      1           6           0  -1.0636525145449587     
      1      1      2      1           4           0   1.7084072762730647     
      1      1      2      1           2           0  -1.4030542296481043     
      1      1      2      2           8           0  -4.5492670734889176     
      1      1      2      2           6           0   1.5599551200632460     
      1      1      2      2           4           0  -1.9256196574972391     
      1      1      2      2           2           0  0.29682025783677224     
      1      1      2      3           4           0 -0.46711311648180093     
      1      1      2      3           2           0  -6.9861629067416442E-003
      1      1      3      1           4           0   1.0309241052395977     
      1      1      3      1           2           0   3.6481657472427487E-002
      1      1      3      2           4           0 -0.46711311648180093     
      1      1      3      2           2           0  -6.9861629067416442E-003
      1      1      3      3           4           0 -0.84903644954574353     
      1      1      3      3           2           0 -0.35562467877209875     
      1      2      1      1           6           0   1.0636525145449585     
      1      2      1      1           4           0  -1.7084072762730649     
      1      2      1      1           2           0   1.4030542296481048     
      1      2      1      2           6           0   1.9116947816855969     
      1      2      1      2           4           0  -4.4853906957067169     
      1      2      1      2           2           0   1.3132767836384682     
      1      2      1      2           0           0  -8.5442641928436043     
      1      2      1      3           6           0 -0.90210056883316270     
      1      2      1      3           4           0  -1.1933081729033304     
      1      2      2      1           8           0   6.6817896696428569     
      1      2      2      1           6           0  -2.2056244306720507     
      1      2      2      1           4           0   2.2405520258407403     
      1      2      2      1           2           0  -3.0769464739203771     
      1      2      2      2           8           0   4.0737393882216226     
      1      2      2      2           6           0  -1.2710826720557860     
      1      2      2      2           4           0   3.8491406175016278     
      1      2      2      2           2           0   1.2756726368041902     
      1      2      2      3           6           0 -0.39092412613088112     
      1      2      2      3           4           0   2.0801408135050758     
      1      2      3      1           4           0  0.84403538503914355     
      1      2      3      1           2           0  0.85104354127731052     
      1      2      3      2           4           0   1.2367746283643106     
      1      2      3      2           2           0 -0.11894800051312837     
      1      2      3      3           4           0   2.1696502366086574     
      1      3      1      1           4           0  -1.0309241052395974     
      1      3      1      1           2           0  -3.6481657472427320E-002
      1      3      1      2           6           0 -0.90210056883316248     
      1      3      1      2           4           0  -1.1933081729033308     
      1      3      1      3           2           0 -0.82537065308969959     
      1      3      1      3           0           0  -3.3071385923861785     
      1      3      2      1           4           0  0.84403538503914333     
      1      3      2      1           2           0  0.85104354127731030     
      1      3      2      2           6           0 -0.68505505272898226     
      1      3      2      2           4           0   1.0193503610861641     
      1      3      2      3           2           0  0.87925994190853451     
      1      3      3      1           4           0   3.7290438881573680     
      1      3      3      1           2           0 -0.60173112153845076     
      1      3      3      2           4           0   4.0384841117831574     
      1      3      3      3           2           0 -0.98699494746731109     
      2      1      1      1           6           0   1.0636525145449585     
      2      1      1      1           4           0  -1.7084072762730647     
      2      1      1      1           2           0   1.4030542296481048     
      2      1      1      2           8           0   6.6817896696428569     
      2      1      1      2           6           0  -2.2056244306720503     
      2      1      1      2           4           0   2.2405520258407403     
      2      1      1      2           2           0  -3.0769464739203767     
      2      1      1      3           4           0  0.84403538503914366     
      2      1      1      3           2           0  0.85104354127731063     
      2      1      2      1           6           0   1.9116947816855969     
      2      1      2      1           4           0  -4.4853906957067169     
      2      1      2      1           2           0   1.3132767836384696     
      2      1      2      1           0           0  -8.5442641928436025     
      2      1      2      2           8           0   4.0737393882216226     
      2      1      2      2           6           0  -1.2710826720557860     
      2      1      2      2           4           0   3.8491406175016278     
      2      1      2      2           2           0   1.2756726368041902     
      2      1      2      3           4           0   1.2367746283643108     
      2      1      2      3           2           0 -0.11894800051312837     
      2      1      3      1           6           0 -0.90210056883316270     
      2      1      3      1           4           0  -1.1933081729033304     
      2      1      3      2           6           0 -0.39092412613088112     
      2      1      3      2           4           0   2.0801408135050758     
      2      1      3      3           4           0   2.1696502366086574     
      2      2      1      1           8           0  -4.5492670734889167     
      2      2      1      1           6           0   1.5599551200632462     
      2      2      1      1           4           0  -1.9256196574972397     
      2      2      1      1           2           0  0.29682025783677202     
      2      2      1      2           8           0  -4.0737393882216217     
      2      2      1      2           6           0   1.2710826720557855     
      2      2      1      2           4           0  -3.8491406175016287     
      2      2      1      2           2           0  -1.2756726368041893     
      2      2      1      3           6           0  0.68505505272898193     
      2      2      1      3           4           0  -1.0193503610861636     
      2      2      2      1           8           0  -4.0737393882216217     
      2      2      2      1           6           0   1.2710826720557857     
      2      2      2      1           4           0  -3.8491406175016287     
      2      2      2      1           2           0  -1.2756726368041886     
      2      2      2      2          10           0   2.6937192227353694E-002
      2      2      2      2           8           0  -2.4352473928571432     
      2      2      2      2           6           0   2.8628361069527686     
      2      2      2      2           4           0  -5.5469015013116882     
      2      2      2      2           2           0   5.3187083293897608     
      2      2      2      2           0           0  -10.619119000000000     
      2      2      2      3           6           0 -0.12057426908481528     
      2      2      2      3           4           0  -2.3716979771081022     
      2      2      3      1           6           0  0.68505505272898193     
      2      2      3      1           4           0  -1.0193503610861636     
      2      2      3      2           6           0 -0.12057426908481528     
      2      2      3      2           4           0  -2.3716979771081022     
      2      2      3      3           6           0 -0.52038720022514307     
      2      2      3      3           4           0  -1.5012654960098955     
      2      3      1      1           4           0 -0.46711311648180098     
      2      3      1      1           2           0  -6.9861629067416442E-003
      2      3      1      2           6           0  0.39092412613088101     
      2      3      1      2           4           0  -2.0801408135050758     
      2      3      1      3           2           0 -0.87925994190853451     
      2      3      2      1           4           0  -1.2367746283643113     
      2      3      2      1           2           0  0.11894800051312815     
      2      3      2      2           6           0 -0.12057426908481594     
      2      3      2      2           4           0  -2.3716979771081022     
      2      3      2      3           2           0   1.6770321866956601     
      2      3      2      3           0           0  -3.8895315429320041     
      2      3      3      1           4           0  -4.0384841117831574     
      2      3      3      2           6           0  0.33618349273680170     
      2      3      3      2           4           0  -5.6616233096314810     
      3      1      1      1           4           0  -1.0309241052395974     
      3      1      1      1           2           0  -3.6481657472427320E-002
      3      1      1      2           4           0  0.84403538503914333     
      3      1      1      2           2           0  0.85104354127731030     
      3      1      1      3           4           0   3.7290438881573680     
      3      1      1      3           2           0 -0.60173112153845076     
      3      1      2      1           6           0 -0.90210056883316248     
      3      1      2      1           4           0  -1.1933081729033308     
      3      1      2      2           6           0 -0.68505505272898226     
      3      1      2      2           4           0   1.0193503610861641     
      3      1      2      3           4           0   4.0384841117831574     
      3      1      3      1           2           0 -0.82537065308969959     
      3      1      3      1           0           0  -3.3071385923861785     
      3      1      3      2           2           0  0.87925994190853451     
      3      1      3      3           2           0 -0.98699494746731109     
      3      2      1      1           4           0 -0.46711311648180098     
      3      2      1      1           2           0  -6.9861629067416442E-003
      3      2      1      2           4           0  -1.2367746283643113     
      3      2      1      2           2           0  0.11894800051312815     
      3      2      1      3           4           0  -4.0384841117831574     
      3      2      2      1           6           0  0.39092412613088101     
      3      2      2      1           4           0  -2.0801408135050758     
      3      2      2      2           6           0 -0.12057426908481594     
      3      2      2      2           4           0  -2.3716979771081030     
      3      2      2      3           6           0  0.33618349273680170     
      3      2      2      3           4           0  -5.6616233096314810     
      3      2      3      1           2           0 -0.87925994190853451     
      3      2      3      2           2           0   1.6770321866956608     
      3      2      3      2           0           0  -3.8895315429320036     
      3      3      1      1           4           0 -0.84903644954574342     
      3      3      1      1           2           0 -0.35562467877209869     
      3      3      1      2           4           0  -2.1696502366086565     
      3      3      1      3           2           0  0.98699494746731109     
      3      3      2      1           4           0  -2.1696502366086565     
      3      3      2      2           6           0 -0.52038720022514307     
      3      3      2      2           4           0  -1.5012654960098950     
      3      3      3      1           2           0  0.98699494746731109     
      3      3      3      3           2           0   1.5306860447825348     
      3      3      3      3           0           0  -5.6139060000000018     
         336          10
   1   1   4   4   0   0   0   0 -6.1579   1   1
   1   1   4   4   2   0   0   0  2.5837   1   1
   1   1   4   4   4   0   0   0 -3.3070   1   1
   1   1   4   4   6   0   0   0  0.9161   1   1
   1   1   4   5   2   0   0   0 -1.4031   1   1
   1   1   4   5   4   0   0   0  1.7084   1   1
   1   1   4   5   6   0   0   0 -1.0637   1   1
   1   1   4   6   2   0   0   0  0.0365   1   1
   1   1   4   6   4   0   0   0  1.0309   1   1
   1   1   5   4   2   0   0   0  1.4031   1   1
   1   1   5   4   4   0   0   0 -1.7084   1   1
   1   1   5   4   6   0   0   0  1.0637   1   1
   1   1   5   5   0   0   0   0 -8.5443   1   1
   1   1   5   5   2   0   0   0  1.3133   1   1
   1   1   5   5   4   0   0   0 -4.4854   1   1
   1   1   5   5   6   0   0   0  1.9117   1   1
   1   1   5   6   4   0   0   0 -1.1933   1   1
   1   1   5   6   6   0   0   0 -0.9021   1   1
   1   1   6   4   2   0   0   0 -0.0365   1   1
   1   1   6   4   4   0   0   0 -1.0309   1   1
   1   1   6   5   4   0   0   0 -1.1933   1   1
   1   1   6   5   6   0   0   0 -0.9021   1   1
   1   1   6   6   0   0   0   0 -3.3071   1   1
   1   1   6   6   2   0   0   0 -0.8254   1   1
   1   2   4   4   2   0   0   0 -1.4031   1   1
   1   2   4   4   4   0   0   0  1.7084   1   1
   1   2   4   4   6   0   0   0 -1.0637   1   1
   1   2   4   5   2   0   0   0  0.2968   1   1
   1   2   4   5   4   0   0   0 -1.9256   1   1
   1   2   4   5   6   0   0   0  1.5600   1   1
   1   2   4   5   8   0   0   0 -4.5493   1   1
   1   2   4   6   2   0   0   0 -0.0070   1   1
   1   2   4   6   4   0   0   0 -0.4671   1   1
   1   2   5   4   2   0   0   0 -3.0769   1   1
   1   2   5   4   4   0   0   0  2.2406   1   1
   1   2   5   4   6   0   0   0 -2.2056   1   1
   1   2   5   4   8   0   0   0  6.6818   1   1
   1   2   5   5   2   0   0   0  1.2757   1   1
   1   2   5   5   4   0   0   0  3.8491   1   1
   1   2   5   5   6   0   0   0 -1.2711   1   1
   1   2   5   5   8   0   0   0  4.0737   1   1
   1   2   5   6   4   0   0   0  2.0801   1   1
   1   2   5   6   6   0   0   0 -0.3909   1   1
   1   2   6   4   2   0   0   0  0.8510   1   1
   1   2   6   4   4   0   0   0  0.8440   1   1
   1   2   6   5   4   0   0   0  1.0194   1   1
   1   2   6   5   6   0   0   0 -0.6851   1   1
   1   2   6   6   2   0   0   0  0.8793   1   1
   1   3   4   4   2   0   0   0  0.0365   1   1
   1   3   4   4   4   0   0   0  1.0309   1   1
   1   3   4   5   2   0   0   0 -0.0070   1   1
   1   3   4   5   4   0   0   0 -0.4671   1   1
   1   3   4   6   2   0   0   0 -0.3556   1   1
   1   3   4   6   4   0   0   0 -0.8490   1   1
   1   3   5   4   2   0   0   0  0.8510   1   1
   1   3   5   4   4   0   0   0  0.8440   1   1
   1   3   5   5   2   0   0   0 -0.1189   1   1
   1   3   5   5   4   0   0   0  1.2368   1   1
   1   3   5   6   4   0   0   0  2.1697   1   1
   1   3   6   4   2   0   0   0 -0.6017   1   1
   1   3   6   4   4   0   0   0  3.7290   1   1
   1   3   6   5   4   0   0   0  4.0385   1   1
   1   3   6   6   2   0   0   0 -0.9870   1   1
   2   1   4   4   2   0   0   0  1.4031   1   1
   2   1   4   4   4   0   0   0 -1.7084   1   1
   2   1   4   4   6   0   0   0  1.0637   1   1
   2   1   4   5   2   0   0   0 -3.0769   1   1
   2   1   4   5   4   0   0   0  2.2406   1   1
   2   1   4   5   6   0   0   0 -2.2056   1   1
   2   1   4   5   8   0   0   0  6.6818   1   1
   2   1   4   6   2   0   0   0  0.8510   1   1
   2   1   4   6   4   0   0   0  0.8440   1   1
   2   1   5   4   2   0   0   0  0.2968   1   1
   2   1   5   4   4   0   0   0 -1.9256   1   1
   2   1   5   4   6   0   0   0  1.5600   1   1
   2   1   5   4   8   0   0   0 -4.5493   1   1
   2   1   5   5   2   0   0   0 -1.2757   1   1
   2   1   5   5   4   0   0   0 -3.8491   1   1
   2   1   5   5   6   0   0   0  1.2711   1   1
   2   1   5   5   8   0   0   0 -4.0737   1   1
   2   1   5   6   4   0   0   0 -1.0194   1   1
   2   1   5   6   6   0   0   0  0.6851   1   1
   2   1   6   4   2   0   0   0 -0.0070   1   1
   2   1   6   4   4   0   0   0 -0.4671   1   1
   2   1   6   5   4   0   0   0 -2.0801   1   1
   2   1   6   5   6   0   0   0  0.3909   1   1
   2   1   6   6   2   0   0   0 -0.8793   1   1
   2   2   4   4   0   0   0   0 -8.5443   1   1
   2   2   4   4   2   0   0   0  1.3133   1   1
   2   2   4   4   4   0   0   0 -4.4854   1   1
   2   2   4   4   6   0   0   0  1.9117   1   1
   2   2   4   5   2   0   0   0  1.2757   1   1
   2   2   4   5   4   0   0   0  3.8491   1   1
   2   2   4   5   6   0   0   0 -1.2711   1   1
   2   2   4   5   8   0   0   0  4.0737   1   1
   2   2   4   6   2   0   0   0 -0.1189   1   1
   2   2   4   6   4   0   0   0  1.2368   1   1
   2   2   5   4   2   0   0   0 -1.2757   1   1
   2   2   5   4   4   0   0   0 -3.8491   1   1
   2   2   5   4   6   0   0   0  1.2711   1   1
   2   2   5   4   8   0   0   0 -4.0737   1   1
   2   2   5   5   0   0   0   0-10.6191   1   1
   2   2   5   5   2   0   0   0  5.3187   1   1
   2   2   5   5   4   0   0   0 -5.5469   1   1
   2   2   5   5   6   0   0   0  2.8628   1   1
   2   2   5   5   8   0   0   0 -2.4352   1   1
   2   2   5   5  10   0   0   0  0.0269   1   1
   2   2   5   6   4   0   0   0 -2.3717   1   1
   2   2   5   6   6   0   0   0 -0.1206   1   1
   2   2   6   4   2   0   0   0  0.1189   1   1
   2   2   6   4   4   0   0   0 -1.2368   1   1
   2   2   6   5   4   0   0   0 -2.3717   1   1
   2   2   6   5   6   0   0   0 -0.1206   1   1
   2   2   6   6   0   0   0   0 -3.8895   1   1
   2   2   6   6   2   0   0   0  1.6770   1   1
   2   3   4   4   4   0   0   0 -1.1933   1   1
   2   3   4   4   6   0   0   0 -0.9021   1   1
   2   3   4   5   4   0   0   0  2.0801   1   1
   2   3   4   5   6   0   0   0 -0.3909   1   1
   2   3   4   6   4   0   0   0  2.1697   1   1
   2   3   5   4   4   0   0   0 -1.0194   1   1
   2   3   5   4   6   0   0   0  0.6851   1   1
   2   3   5   5   4   0   0   0 -2.3717   1   1
   2   3   5   5   6   0   0   0 -0.1206   1   1
   2   3   5   6   4   0   0   0 -1.5013   1   1
   2   3   5   6   6   0   0   0 -0.5204   1   1
   2   3   6   4   4   0   0   0 -4.0385   1   1
   2   3   6   5   4   0   0   0 -5.6616   1   1
   2   3   6   5   6   0   0   0  0.3362   1   1
   3   1   4   4   2   0   0   0 -0.0365   1   1
   3   1   4   4   4   0   0   0 -1.0309   1   1
   3   1   4   5   2   0   0   0  0.8510   1   1
   3   1   4   5   4   0   0   0  0.8440   1   1
   3   1   4   6   2   0   0   0 -0.6017   1   1
   3   1   4   6   4   0   0   0  3.7290   1   1
   3   1   5   4   2   0   0   0 -0.0070   1   1
   3   1   5   4   4   0   0   0 -0.4671   1   1
   3   1   5   5   2   0   0   0  0.1189   1   1
   3   1   5   5   4   0   0   0 -1.2368   1   1
   3   1   5   6   4   0   0   0 -4.0385   1   1
   3   1   6   4   2   0   0   0 -0.3556   1   1
   3   1   6   4   4   0   0   0 -0.8490   1   1
   3   1   6   5   4   0   0   0 -2.1697   1   1
   3   1   6   6   2   0   0   0  0.9870   1   1
   3   2   4   4   4   0   0   0 -1.1933   1   1
   3   2   4   4   6   0   0   0 -0.9021   1   1
   3   2   4   5   4   0   0   0  1.0194   1   1
   3   2   4   5   6   0   0   0 -0.6851   1   1
   3   2   4   6   4   0   0   0  4.0385   1   1
   3   2   5   4   4   0   0   0 -2.0801   1   1
   3   2   5   4   6   0   0   0  0.3909   1   1
   3   2   5   5   4   0   0   0 -2.3717   1   1
   3   2   5   5   6   0   0   0 -0.1206   1   1
   3   2   5   6   4   0   0   0 -5.6616   1   1
   3   2   5   6   6   0   0   0  0.3362   1   1
   3   2   6   4   4   0   0   0 -2.1697   1   1
   3   2   6   5   4   0   0   0 -1.5013   1   1
   3   2   6   5   6   0   0   0 -0.5204   1   1
   3   3   4   4   0   0   0   0 -3.3071   1   1
   3   3   4   4   2   0   0   0 -0.8254   1   1
   3   3   4   5   2   0   0   0  0.8793   1   1
   3   3   4   6   2   0   0   0 -0.9870   1   1
   3   3   5   4   2   0   0   0 -0.8793   1   1
   3   3   5   5   0   0   0   0 -3.8895   1   1
   3   3   5   5   2   0   0   0  1.6770   1   1
   3   3   6   4   2   0   0   0  0.9870   1   1
   3   3   6   6   0   0   0   0 -5.6139   1   1
   3   3   6   6   2   0   0   0  1.5307   1   1
   4   4   1   1   0   0   0   0 -6.1579   1   1
   4   4   1   1   2   0   0   0  2.5837   1   1
   4   4   1   1   4   0   0   0 -3.3070   1   1
   4   4   1   1   6   0   0   0  0.9161   1   1
   4   4   1   2   2   0   0   0 -1.4031   1   1
   4   4   1   2   4   0   0   0  1.7084   1   1
   4   4   1   2   6   0   0   0 -1.0637   1   1
   4   4   1   3   2   0   0   0  0.0365   1   1
   4   4   1   3   4   0   0   0  1.0309   1   1
   4   4   2   1   2   0   0   0  1.4031   1   1
   4   4   2   1   4   0   0   0 -1.7084   1   1
   4   4   2   1   6   0   0   0  1.0637   1   1
   4   4   2   2   0   0   0   0 -8.5443   1   1
   4   4   2   2   2   0   0   0  1.3133   1   1
   4   4   2   2   4   0   0   0 -4.4854   1   1
   4   4   2   2   6   0   0   0  1.9117   1   1
   4   4   2   3   4   0   0   0 -1.1933   1   1
   4   4   2   3   6   0   0   0 -0.9021   1   1
   4   4   3   1   2   0   0   0 -0.0365   1   1
   4   4   3   1   4   0   0   0 -1.0309   1   1
   4   4   3   2   4   0   0   0 -1.1933   1   1
   4   4   3   2   6   0   0   0 -0.9021   1   1
   4   4   3   3   0   0   0   0 -3.3071   1   1
   4   4   3   3   2   0   0   0 -0.8254   1   1
   4   5   1   1   2   0   0   0 -1.4031   1   1
   4   5   1   1   4   0   0   0  1.7084   1   1
   4   5   1   1   6   0   0   0 -1.0637   1   1
   4   5   1   2   2   0   0   0  0.2968   1   1
   4   5   1   2   4   0   0   0 -1.9256   1   1
   4   5   1   2   6   0   0   0  1.5600   1   1
   4   5   1   2   8   0   0   0 -4.5493   1   1
   4   5   1   3   2   0   0   0 -0.0070   1   1
   4   5   1   3   4   0   0   0 -0.4671   1   1
   4   5   2   1   2   0   0   0 -3.0769   1   1
   4   5   2   1   4   0   0   0  2.2406   1   1
   4   5   2   1   6   0   0   0 -2.2056   1   1
   4   5   2   1   8   0   0   0  6.6818   1   1
   4   5   2   2   2   0   0   0  1.2757   1   1
   4   5   2   2   4   0   0   0  3.8491   1   1
   4   5   2   2   6   0   0   0 -1.2711   1   1
   4   5   2   2   8   0   0   0  4.0737   1   1
   4   5   2   3   4   0   0   0  2.0801   1   1
   4   5   2   3   6   0   0   0 -0.3909   1   1
   4   5   3   1   2   0   0   0  0.8510   1   1
   4   5   3   1   4   0   0   0  0.8440   1   1
   4   5   3   2   4   0   0   0  1.0194   1   1
   4   5   3   2   6   0   0   0 -0.6851   1   1
   4   5   3   3   2   0   0   0  0.8793   1   1
   4   6   1   1   2   0   0   0  0.0365   1   1
   4   6   1   1   4   0   0   0  1.0309   1   1
   4   6   1   2   2   0   0   0 -0.0070   1   1
   4   6   1   2   4   0   0   0 -0.4671   1   1
   4   6   1   3   2   0   0   0 -0.3556   1   1
   4   6   1   3   4   0   0   0 -0.8490   1   1
   4   6   2   1   2   0   0   0  0.8510   1   1
   4   6   2   1   4   0   0   0  0.8440   1   1
   4   6   2   2   2   0   0   0 -0.1189   1   1
   4   6   2   2   4   0   0   0  1.2368   1   1
   4   6   2   3   4   0   0   0  2.1697   1   1
   4   6   3   1   2   0   0   0 -0.6017   1   1
   4   6   3   1   4   0   0   0  3.7290   1   1
   4   6   3   2   4   0   0   0  4.0385   1   1
   4   6   3   3   2   0   0   0 -0.9870   1   1
   5   4   1   1   2   0   0   0  1.4031   1   1
   5   4   1   1   4   0   0   0 -1.7084   1   1
   5   4   1   1   6   0   0   0  1.0637   1   1
   5   4   1   2   2   0   0   0 -3.0769   1   1
   5   4   1   2   4   0   0   0  2.2406   1   1
   5   4   1   2   6   0   0   0 -2.2056   1   1
   5   4   1   2   8   0   0   0  6.6818   1   1
   5   4   1   3   2   0   0   0  0.8510   1   1
   5   4   1   3   4   0   0   0  0.8440   1   1
   5   4   2   1   2   0   0   0  0.2968   1   1
   5   4   2   1   4   0   0   0 -1.9256   1   1
   5   4   2   1   6   0   0   0  1.5600   1   1
   5   4   2   1   8   0   0   0 -4.5493   1   1
   5   4   2   2   2   0   0   0 -1.2757   1   1
   5   4   2   2   4   0   0   0 -3.8491   1   1
   5   4   2   2   6   0   0   0  1.2711   1   1
   5   4   2   2   8   0   0   0 -4.0737   1   1
   5   4   2   3   4   0   0   0 -1.0194   1   1
   5   4   2   3   6   0   0   0  0.6851   1   1
   5   4   3   1   2   0   0   0 -0.0070   1   1
   5   4   3   1   4   0   0   0 -0.4671   1   1
   5   4   3   2   4   0   0   0 -2.0801   1   1
   5   4   3   2   6   0   0   0  0.3909   1   1
   5   4   3   3   2   0   0   0 -0.8793   1   1
   5   5   1   1   0   0   0   0 -8.5443   1   1
   5   5   1   1   2   0   0   0  1.3133   1   1
   5   5   1   1   4   0   0   0 -4.4854   1   1
   5   5   1   1   6   0   0   0  1.9117   1   1
   5   5   1   2   2   0   0   0  1.2757   1   1
   5   5   1   2   4   0   0   0  3.8491   1   1
   5   5   1   2   6   0   0   0 -1.2711   1   1
   5   5   1   2   8   0   0   0  4.0737   1   1
   5   5   1   3   2   0   0   0 -0.1189   1   1
   5   5   1   3   4   0   0   0  1.2368   1   1
   5   5   2   1   2   0   0   0 -1.2757   1   1
   5   5   2   1   4   0   0   0 -3.8491   1   1
   5   5   2   1   6   0   0   0  1.2711   1   1
   5   5   2   1   8   0   0   0 -4.0737   1   1
   5   5   2   2   0   0   0   0-10.6191   1   1
   5   5   2   2   2   0   0   0  5.3187   1   1
   5   5   2   2   4   0   0   0 -5.5469   1   1
   5   5   2   2   6   0   0   0  2.8628   1   1
   5   5   2   2   8   0   0   0 -2.4352   1   1
   5   5   2   2  10   0   0   0  0.0269   1   1
   5   5   2   3   4   0   0   0 -2.3717   1   1
   5   5   2   3   6   0   0   0 -0.1206   1   1
   5   5   3   1   2   0   0   0  0.1189   1   1
   5   5   3   1   4   0   0   0 -1.2368   1   1
   5   5   3   2   4   0   0   0 -2.3717   1   1
   5   5   3   2   6   0   0   0 -0.1206   1   1
   5   5   3   3   0   0   0   0 -3.8895   1   1
   5   5   3   3   2   0   0   0  1.6770   1   1
   5   6   1   1   4   0   0   0 -1.1933   1   1
   5   6   1   1   6   0   0   0 -0.9021   1   1
   5   6   1   2   4   0   0   0  2.0801   1   1
   5   6   1   2   6   0   0   0 -0.3909   1   1
   5   6   1   3   4   0   0   0  2.1697   1   1
   5   6   2   1   4   0   0   0 -1.0194   1   1
   5   6   2   1   6   0   0   0  0.6851   1   1
   5   6   2   2   4   0   0   0 -2.3717   1   1
   5   6   2   2   6   0   0   0 -0.1206   1   1
   5   6   2   3   4   0   0   0 -1.5013   1   1
   5   6   2   3   6   0   0   0 -0.5204   1   1
   5   6   3   1   4   0   0   0 -4.0385   1   1
   5   6   3   2   4   0   0   0 -5.6616   1   1
   5   6   3   2   6   0   0   0  0.3362   1   1
   6   4   1   1   2   0   0   0 -0.0365   1   1
   6   4   1   1   4   0   0   0 -1.0309   1   1
   6   4   1   2   2   0   0   0  0.8510   1   1
   6   4   1   2   4   0   0   0  0.8440   1   1
   6   4   1   3   2   0   0   0 -0.6017   1   1
   6   4   1   3   4   0   0   0  3.7290   1   1
   6   4   2   1   2   0   0   0 -0.0070   1   1
   6   4   2   1   4   0   0   0 -0.4671   1   1
   6   4   2   2   2   0   0   0  0.1189   1   1
   6   4   2   2   4   0   0   0 -1.2368   1   1
   6   4   2   3   4   0   0   0 -4.0385   1   1
   6   4   3   1   2   0   0   0 -0.3556   1   1
   6   4   3   1   4   0   0   0 -0.8490   1   1
   6   4   3   2   4   0   0   0 -2.1697   1   1
   6   4   3   3   2   0   0   0  0.9870   1   1
   6   5   1   1   4   0   0   0 -1.1933   1   1
   6   5   1   1   6   0   0   0 -0.9021   1   1
   6   5   1   2   4   0   0   0  1.0194   1   1
   6   5   1   2   6   0   0   0 -0.6851   1   1
   6   5   1   3   4   0   0   0  4.0385   1   1
   6   5   2   1   4   0   0   0 -2.0801   1   1
   6   5   2   1   6   0   0   0  0.3909   1   1
   6   5   2   2   4   0   0   0 -2.3717   1   1
   6   5   2   2   6   0   0   0 -0.1206   1   1
   6   5   2   3   4   0   0   0 -5.6616   1   1
   6   5   2   3   6   0   0   0  0.3362   1   1
   6   5   3   1   4   0   0   0 -2.1697   1   1
   6   5   3   2   4   0   0   0 -1.5013   1   1
   6   5   3   2   6   0   0   0 -0.5204   1   1
   6   6   1   1   0   0   0   0 -3.3071   1   1
   6   6   1   1   2   0   0   0 -0.8254   1   1
   6   6   1   2   2   0   0   0  0.8793   1   1
   6   6   1   3   2   0   0   0 -0.9870   1   1
   6   6   2   1   2   0   0   0 -0.8793   1   1
   6   6   2   2   0   0   0   0 -3.8895   1   1
   6   6   2   2   2   0   0   0  1.6770   1   1
   6   6   3   1   2   0   0   0  0.9870   1   1
   6   6   3   3   0   0   0   0 -5.6139   1   1
   6   6   3   3   2   0   0   0  1.5307   1   1
