 ! Total Interaction
  63
   1   1   1   1     1     0  -1.4523
   1   1   1   2     1     0  -0.1683
   1   2   1   2     1     0  -5.2638
   1   1   2   2     1     0   1.4580
   1   2   2   2     1     0  -3.0644
   2   2   2   2     1     0  -1.2083
   1   3   2   2     1     0   0.0238
   1   1   1   3     1     0  -0.7439
   1   2   1   3     1     0  -1.4216
   1   3   1   3     1     0  -3.5437
   1   1   3   3     1     0   0.1379
   1   2   3   3     1     0  -1.7715
   2   2   3   3     1     0  -0.4681
   1   3   3   3     1     0  -0.8059
   3   3   3   3     1     0  -3.2488
   1   2   1   2     2     0  -3.6889
   1   2   1   3     2     0  -0.3879
   1   3   1   3     2     0  -1.6207
   1   2   2   3     2     0  -0.5662
   1   3   2   3     2     0  -2.1993
   2   3   2   3     2     0  -0.2762
   1   1   1   1     3     0  -2.5978
   1   1   1   2     3     0  -1.2525
   1   2   1   2     3     0  -1.0619
   1   1   2   2     3     0   1.0328
   1   2   2   2     3     0  -2.0234
   2   2   2   2     3     0  -1.4584
   1   1   2   3     3     0   0.0848
   1   2   2   3     3     0  -1.0971
   2   2   2   3     3     0  -1.0657
   2   3   2   3     3     0  -3.6631
   1   2   1   2     4     0  -4.0455
   2   2   2   2     5     0  -3.7841
   1   1   1   1     0     1  -1.6634
   1   1   2   2     0     1  -2.7174
   2   2   2   2     0     1  -2.2420
   1   1   3   3     0     1  -0.8890
   2   2   3   3     0     1  -1.3665
   3   3   3   3     0     1  -1.4813
   1   2   1   2     1     1   0.5742
   1   2   1   3     1     1  -0.0399
   1   3   1   3     1     1   0.4518
   1   1   1   1     2     1  -0.0853
   1   1   1   2     2     1   0.4407
   1   2   1   2     2     1  -0.1353
   1   1   2   2     2     1  -1.0674
   1   2   2   2     2     1   0.1872
   2   2   2   2     2     1  -0.8765
   1   3   2   2     2     1   0.7765
   1   1   1   3     2     1   0.3060
   1   2   1   3     2     1  -0.3252
   1   3   1   3     2     1  -0.2657
   1   1   2   3     2     1  -0.2779
   1   2   2   3     2     1   0.2756
   2   2   2   3     2     1  -0.8160
   1   3   2   3     2     1   1.4128
   2   3   2   3     2     1  -0.8237
   1   2   1   2     3     1   0.6720
   1   2   2   3     3     1  -0.4839
   2   3   2   3     3     1   0.5992
   1   2   1   2     4     1  -1.2654
   1   2   2   2     4     1   1.1692
   2   2   2   2     4     1  -0.1812
